I_MagicNumber;I_ATRPeriod;I_AtRisk;I_StoplossMethod;I_ReversionPercent;I_StoplossATRMultiplier;I_TypicalSpread;I_MaxLotSize;I_RiskRewardRatio;I_LimitStopOrderExpiryMins;I_HiddenStoplossOffset;I_TradingStartHour;I_TradingEndHour;I_LogResultsInFile;End_Account_Balance;End_Account_Equity;Total P&L;NoTrades;NoWinTrades;MaxDrawdown;TotalTradeProfit
20200505;5;20.0000;LowOrHighOfLast2Candles;-90;1.0000;0.000300;0.500000;0.500000;60;0.001000;7;20;1;9996.82396000;9996.82396000;0.00000000;10;6;26.6100;-3.1760
20200505;5;20.0000;LowOrHighOfLast2Candles;-80;1.0000;0.000300;0.500000;0.500000;60;0.001000;7;20;1;9994.17844000;9994.17844000;0.00000000;12;7;40.0860;-5.8216
20200505;5;20.0000;LowOrHighOfLast2Candles;-70;1.0000;0.000300;0.500000;0.500000;60;0.001000;7;20;1;9977.11844000;9977.11844000;0.00000000;16;9;48.4160;-22.8816
20200505;5;20.0000;LowOrHighOfLast2Candles;-60;1.0000;0.000300;0.500000;0.500000;60;0.001000;7;20;1;9990.09116000;9990.09116000;0.00000000;20;12;64.7960;-9.9088
20200505;5;20.0000;LowOrHighOfLast2Candles;-50;1.0000;0.000300;0.500000;0.500000;60;0.001000;7;20;1;10005.33396000;10005.33396000;0.00000000;24;15;63.0460;5.3340
20200505;5;20.0000;LowOrHighOfLast2Candles;-40;1.0000;0.000300;0.500000;0.500000;60;0.001000;7;20;1;10045.72000000;10045.72000000;0.00000000;28;19;59.9200;45.7200
20200505;5;20.0000;LowOrHighOfLast2Candles;-30;1.0000;0.000300;0.500000;0.500000;60;0.001000;7;20;1;10016.65000000;10016.65000000;0.00000000;31;20;70.5100;16.6500
20200505;5;20.0000;LowOrHighOfLast2Candles;-20;1.0000;0.000300;0.500000;0.500000;60;0.001000;7;20;1;10003.02904000;10003.02904000;0.00000000;30;19;95.6800;3.0290
20200505;5;20.0000;LowOrHighOfLast2Candles;-10;1.0000;0.000300;0.500000;0.500000;60;0.001000;7;20;1;10006.37808000;10006.37808000;0.00000000;34;21;81.2200;6.3781
20200505;5;20.0000;LowOrHighOfLast2Candles;0;1.0000;0.000300;0.500000;0.500000;60;0.001000;7;20;1;10031.16000000;10031.16000000;0.00000000;36;23;120.6200;31.1600
20200505;5;20.0000;LowOrHighOfLast2Candles;10;1.0000;0.000300;0.500000;0.500000;60;0.001000;7;20;1;9986.83000000;9986.83000000;0.00000000;33;20;118.5900;-13.1700
20200505;5;20.0000;LowOrHighOfLast2Candles;20;1.0000;0.000300;0.500000;0.500000;60;0.001000;7;20;1;9976.50000000;9976.50000000;0.00000000;29;17;97.5700;-23.5000
20200505;5;20.0000;LowOrHighOfLast2Candles;30;1.0000;0.000300;0.500000;0.500000;60;0.001000;7;20;1;9945.87000000;9945.87000000;0.00000000;26;14;129.1700;-54.1300
20200505;5;20.0000;LowOrHighOfLast2Candles;40;1.0000;0.000300;0.500000;0.500000;60;0.001000;7;20;1;9903.94000000;9903.94000000;0.00000000;20;9;129.7200;-96.0600
20200505;5;20.0000;LowOrHighOfLast2Candles;50;1.0000;0.000300;0.500000;0.500000;60;0.001000;7;20;1;9871.74000000;9871.74000000;0.00000000;15;5;139.8500;-128.2600
20200505;5;20.0000;LowOrHighOfLast2Candles;60;1.0000;0.000300;0.500000;0.500000;60;0.001000;7;20;1;9866.27000000;9866.27000000;0.00000000;12;3;152.6000;-133.7300
20200505;5;20.0000;LowOrHighOfLast2Candles;70;1.0000;0.000300;0.500000;0.500000;60;0.001000;7;20;1;9889.62000000;9889.62000000;0.00000000;11;3;130.4700;-110.3800
20200505;5;20.0000;LowOrHighOfLast2Candles;80;1.0000;0.000300;0.500000;0.500000;60;0.001000;7;20;1;9875.50000000;9875.50000000;0.00000000;10;2;146.1200;-124.5000
20200505;5;20.0000;LowOrHighOfLast2Candles;90;1.0000;0.000300;0.500000;0.500000;60;0.001000;7;20;1;9880.83000000;9880.83000000;0.00000000;8;1;119.1700;-119.1700
20200505;5;20.0000;LowOrHighOfLast2Candles;-90;1.0000;0.000300;0.500000;1.000000;60;0.001000;7;20;1;10054.53964000;10054.53964000;0.00000000;9;6;19.3500;54.5396
20200505;5;20.0000;LowOrHighOfLast2Candles;-80;1.0000;0.000300;0.500000;1.000000;60;0.001000;7;20;1;10061.02412000;10061.02412000;0.00000000;11;7;18.4500;61.0241
20200505;5;20.0000;LowOrHighOfLast2Candles;-70;1.0000;0.000300;0.500000;1.000000;60;0.001000;7;20;1;10041.71868000;10041.71868000;0.00000000;14;8;36.4900;41.7187
20200505;5;20.0000;LowOrHighOfLast2Candles;-60;1.0000;0.000300;0.500000;1.000000;60;0.001000;7;20;1;10013.68972000;10013.68972000;0.00000000;19;9;61.7242;13.6897
20200505;5;20.0000;LowOrHighOfLast2Candles;-50;1.0000;0.000300;0.500000;1.000000;60;0.001000;7;20;1;10055.88516000;10055.88516000;0.00000000;22;11;60.6142;55.8852
20200505;5;20.0000;LowOrHighOfLast2Candles;-40;1.0000;0.000300;0.500000;1.000000;60;0.001000;7;20;1;10073.36936000;10073.36936000;0.00000000;26;13;66.2727;73.3694
20200505;5;20.0000;LowOrHighOfLast2Candles;-30;1.0000;0.000300;0.500000;1.000000;60;0.001000;7;20;1;10002.22544000;10002.22544000;0.00000000;28;13;90.8008;2.2254
20200505;5;20.0000;LowOrHighOfLast2Candles;-20;1.0000;0.000300;0.500000;1.000000;60;0.001000;7;20;1;9963.85224000;9963.85224000;0.00000000;27;12;98.3321;-36.1478
20200505;5;20.0000;LowOrHighOfLast2Candles;-10;1.0000;0.000300;0.500000;1.000000;60;0.001000;7;20;1;10002.69608000;10002.69608000;0.00000000;32;15;90.4600;2.6961
20200505;5;20.0000;LowOrHighOfLast2Candles;0;1.0000;0.000300;0.500000;1.000000;60;0.001000;7;20;1;10002.08072000;10002.08072000;0.00000000;34;16;125.5300;2.0807
20200505;5;20.0000;LowOrHighOfLast2Candles;10;1.0000;0.000300;0.500000;1.000000;60;0.001000;7;20;1;9986.83256000;9986.83256000;0.00000000;32;15;137.2500;-13.1674
20200505;5;20.0000;LowOrHighOfLast2Candles;20;1.0000;0.000300;0.500000;1.000000;60;0.001000;7;20;1;10006.54176000;10006.54176000;0.00000000;29;14;127.7700;6.5418
20200505;5;20.0000;LowOrHighOfLast2Candles;30;1.0000;0.000300;0.500000;1.000000;60;0.001000;7;20;1;10024.62000000;10024.62000000;0.00000000;26;13;124.9000;24.6200
20200505;5;20.0000;LowOrHighOfLast2Candles;40;1.0000;0.000300;0.500000;1.000000;60;0.001000;7;20;1;9975.74000000;9975.74000000;0.00000000;20;9;113.2400;-24.2600
20200505;5;20.0000;LowOrHighOfLast2Candles;50;1.0000;0.000300;0.500000;1.000000;60;0.001000;7;20;1;9910.54000000;9910.54000000;0.00000000;15;5;138.0900;-89.4600
20200505;5;20.0000;LowOrHighOfLast2Candles;60;1.0000;0.000300;0.500000;1.000000;60;0.001000;7;20;1;9895.85000000;9895.85000000;0.00000000;12;3;141.2100;-104.1500
20200505;5;20.0000;LowOrHighOfLast2Candles;70;1.0000;0.000300;0.500000;1.000000;60;0.001000;7;20;1;9918.61000000;9918.61000000;0.00000000;11;3;121.0100;-81.3900
20200505;5;20.0000;LowOrHighOfLast2Candles;80;1.0000;0.000300;0.500000;1.000000;60;0.001000;7;20;1;9895.21000000;9895.21000000;0.00000000;10;2;136.2800;-104.7900
20200505;5;20.0000;LowOrHighOfLast2Candles;90;1.0000;0.000300;0.500000;1.000000;60;0.001000;7;20;1;9890.63000000;9890.63000000;0.00000000;8;1;109.3700;-109.3700
20200505;5;20.0000;LowOrHighOfLast2Candles;-90;1.0000;0.000300;0.500000;1.500000;60;0.001000;7;20;1;10027.53964000;10027.53964000;0.00000000;9;5;58.1287;27.5396
20200505;5;20.0000;LowOrHighOfLast2Candles;-80;1.0000;0.000300;0.500000;1.500000;60;0.001000;7;20;1;10047.53412000;10047.53412000;0.00000000;11;6;55.4287;47.5341
20200505;5;20.0000;LowOrHighOfLast2Candles;-70;1.0000;0.000300;0.500000;1.500000;60;0.001000;7;20;1;10105.59788000;10105.59788000;0.00000000;14;8;36.4900;105.5979
20200505;5;20.0000;LowOrHighOfLast2Candles;-60;1.0000;0.000300;0.500000;1.500000;60;0.001000;7;20;1;10096.66060000;10096.66060000;0.00000000;18;9;44.2900;96.6606
20200505;5;20.0000;LowOrHighOfLast2Candles;-50;1.0000;0.000300;0.500000;1.500000;60;0.001000;7;20;1;10103.23668000;10103.23668000;0.00000000;21;10;42.3400;103.2367
20200505;5;20.0000;LowOrHighOfLast2Candles;-40;1.0000;0.000300;0.500000;1.500000;60;0.001000;7;20;1;10208.66464000;10208.66464000;0.00000000;24;13;42.9500;208.6646
20200505;5;20.0000;LowOrHighOfLast2Candles;-30;1.0000;0.000300;0.500000;1.500000;60;0.001000;7;20;1;10144.04384000;10144.04384000;0.00000000;26;13;41.9600;144.0438
20200505;5;20.0000;LowOrHighOfLast2Candles;-20;1.0000;0.000300;0.500000;1.500000;60;0.001000;7;20;1;10008.22836000;10008.22836000;0.00000000;26;10;89.9468;8.2284
20200505;5;20.0000;LowOrHighOfLast2Candles;-10;1.0000;0.000300;0.500000;1.500000;60;0.001000;7;20;1;10043.55268000;10043.55268000;0.00000000;30;13;68.0206;43.5527
20200505;5;20.0000;LowOrHighOfLast2Candles;0;1.0000;0.000300;0.500000;1.500000;60;0.001000;7;20;1;10017.57104000;10017.57104000;0.00000000;31;12;126.7966;17.5710
20200505;5;20.0000;LowOrHighOfLast2Candles;10;1.0000;0.000300;0.500000;1.500000;60;0.001000;7;20;1;10127.85100000;10127.85100000;0.00000000;29;14;106.5000;127.8510
20200505;5;20.0000;LowOrHighOfLast2Candles;20;1.0000;0.000300;0.500000;1.500000;60;0.001000;7;20;1;10077.50976000;10077.50976000;0.00000000;29;13;130.0683;77.5098
20200505;5;20.0000;LowOrHighOfLast2Candles;30;1.0000;0.000300;0.500000;1.500000;60;0.001000;7;20;1;10034.69352000;10034.69352000;0.00000000;26;11;143.2500;34.6935
20200505;5;20.0000;LowOrHighOfLast2Candles;40;1.0000;0.000300;0.500000;1.500000;60;0.001000;7;20;1;9999.98000000;9999.98000000;0.00000000;20;8;142.2300;-0.0200
20200505;5;20.0000;LowOrHighOfLast2Candles;50;1.0000;0.000300;0.500000;1.500000;60;0.001000;7;20;1;9948.80000000;9948.80000000;0.00000000;15;5;138.0900;-51.2000
20200505;5;20.0000;LowOrHighOfLast2Candles;60;1.0000;0.000300;0.500000;1.500000;60;0.001000;7;20;1;9911.71000000;9911.71000000;0.00000000;12;3;141.2100;-88.2900
20200505;5;20.0000;LowOrHighOfLast2Candles;70;1.0000;0.000300;0.500000;1.500000;60;0.001000;7;20;1;9948.07000000;9948.07000000;0.00000000;11;3;121.0100;-51.9300
20200505;5;20.0000;LowOrHighOfLast2Candles;80;1.0000;0.000300;0.500000;1.500000;60;0.001000;7;20;1;9914.45000000;9914.45000000;0.00000000;10;2;126.4400;-85.5500
20200505;5;20.0000;LowOrHighOfLast2Candles;90;1.0000;0.000300;0.500000;1.500000;60;0.001000;7;20;1;9900.08000000;9900.08000000;0.00000000;8;1;99.9200;-99.9200
20200505;5;20.0000;LowOrHighOfLast2Candles;-90;1.0000;0.000300;0.500000;2.000000;60;0.001000;7;20;1;9993.76964000;9993.76964000;0.00000000;9;4;77.3187;-6.2304
20200505;5;20.0000;LowOrHighOfLast2Candles;-80;1.0000;0.000300;0.500000;2.000000;60;0.001000;7;20;1;10022.82860000;10022.82860000;0.00000000;11;5;75.0287;22.8286
20200505;5;20.0000;LowOrHighOfLast2Candles;-70;1.0000;0.000300;0.500000;2.000000;60;0.001000;7;20;1;10019.31788000;10019.31788000;0.00000000;14;6;96.3708;19.3179
20200505;5;20.0000;LowOrHighOfLast2Candles;-60;1.0000;0.000300;0.500000;2.000000;60;0.001000;7;20;1;10024.72060000;10024.72060000;0.00000000;18;7;122.0408;24.7206
20200505;5;20.0000;LowOrHighOfLast2Candles;-50;1.0000;0.000300;0.500000;2.000000;60;0.001000;7;20;1;10102.30484000;10102.30484000;0.00000000;21;9;56.6829;102.3048
20200505;5;20.0000;LowOrHighOfLast2Candles;-40;1.0000;0.000300;0.500000;2.000000;60;0.001000;7;20;1;10134.69280000;10134.69280000;0.00000000;24;10;94.4174;134.6928
20200505;5;20.0000;LowOrHighOfLast2Candles;-30;1.0000;0.000300;0.500000;2.000000;60;0.001000;7;20;1;10147.64888000;10147.64888000;0.00000000;25;11;80.2685;147.6489
20200505;5;20.0000;LowOrHighOfLast2Candles;-20;1.0000;0.000300;0.500000;2.000000;60;0.001000;7;20;1;10093.91860000;10093.91860000;0.00000000;25;10;68.8200;93.9186
20200505;5;20.0000;LowOrHighOfLast2Candles;-10;1.0000;0.000300;0.500000;2.000000;60;0.001000;7;20;1;10111.47916000;10111.47916000;0.00000000;28;12;59.6200;111.4792
20200505;5;20.0000;LowOrHighOfLast2Candles;0;1.0000;0.000300;0.500000;2.000000;60;0.001000;7;20;1;10189.92480000;10189.92480000;0.00000000;29;13;71.2900;189.9248
20200505;5;20.0000;LowOrHighOfLast2Candles;10;1.0000;0.000300;0.500000;2.000000;60;0.001000;7;20;1;10177.26008000;10177.26008000;0.00000000;28;13;104.0250;177.2601
20200505;5;20.0000;LowOrHighOfLast2Candles;20;1.0000;0.000300;0.500000;2.000000;60;0.001000;7;20;1;10198.68124000;10198.68124000;0.00000000;27;13;82.1531;198.6812
20200505;5;20.0000;LowOrHighOfLast2Candles;30;1.0000;0.000300;0.500000;2.000000;60;0.001000;7;20;1;10128.50520000;10128.50520000;0.00000000;26;11;123.5800;128.5052
20200505;5;20.0000;LowOrHighOfLast2Candles;40;1.0000;0.000300;0.500000;2.000000;60;0.001000;7;20;1;10007.74896000;10007.74896000;0.00000000;20;7;132.3400;7.7490
20200505;5;20.0000;LowOrHighOfLast2Candles;50;1.0000;0.000300;0.500000;2.000000;60;0.001000;7;20;1;9926.52264000;9926.52264000;0.00000000;15;4;163.6374;-73.4774
20200505;5;20.0000;LowOrHighOfLast2Candles;60;1.0000;0.000300;0.500000;2.000000;60;0.001000;7;20;1;9931.75000000;9931.75000000;0.00000000;12;3;141.2100;-68.2500
20200505;5;20.0000;LowOrHighOfLast2Candles;70;1.0000;0.000300;0.500000;2.000000;60;0.001000;7;20;1;9960.91000000;9960.91000000;0.00000000;11;3;121.0100;-39.0900
20200505;5;20.0000;LowOrHighOfLast2Candles;80;1.0000;0.000300;0.500000;2.000000;60;0.001000;7;20;1;9934.16000000;9934.16000000;0.00000000;10;2;121.7800;-65.8400
20200505;5;20.0000;LowOrHighOfLast2Candles;90;1.0000;0.000300;0.500000;2.000000;60;0.001000;7;20;1;9909.88000000;9909.88000000;0.00000000;8;1;97.4000;-90.1200
20200505;5;20.0000;LowOrHighOfLast2Candles;-90;1.0000;0.000300;0.500000;2.500000;60;0.001000;7;20;1;9941.52768000;9941.52768000;0.00000000;9;3;106.7368;-58.4723
20200505;5;20.0000;LowOrHighOfLast2Candles;-80;1.0000;0.000300;0.500000;2.500000;60;0.001000;7;20;1;9983.35936000;9983.35936000;0.00000000;11;4;118.5968;-16.6406
20200505;5;20.0000;LowOrHighOfLast2Candles;-70;1.0000;0.000300;0.500000;2.500000;60;0.001000;7;20;1;10075.89236000;10075.89236000;0.00000000;13;6;77.3808;75.8924
20200505;5;20.0000;LowOrHighOfLast2Candles;-60;1.0000;0.000300;0.500000;2.500000;60;0.001000;7;20;1;10002.46780000;10002.46780000;0.00000000;18;6;142.0408;2.4678
20200505;5;20.0000;LowOrHighOfLast2Candles;-50;1.0000;0.000300;0.500000;2.500000;60;0.001000;7;20;1;10025.31020000;10025.31020000;0.00000000;21;7;137.8029;25.3102
20200505;5;20.0000;LowOrHighOfLast2Candles;-40;1.0000;0.000300;0.500000;2.500000;60;0.001000;7;20;1;10116.41000000;10116.41000000;0.00000000;24;9;159.4574;116.4100
20200505;5;20.0000;LowOrHighOfLast2Candles;-30;1.0000;0.000300;0.500000;2.500000;60;0.001000;7;20;1;10073.68880000;10073.68880000;0.00000000;25;9;156.9335;73.6888
20200505;5;20.0000;LowOrHighOfLast2Candles;-20;1.0000;0.000300;0.500000;2.500000;60;0.001000;7;20;1;10025.09948000;10025.09948000;0.00000000;25;8;195.7846;25.0995
20200505;5;20.0000;LowOrHighOfLast2Candles;-10;1.0000;0.000300;0.500000;2.500000;60;0.001000;7;20;1;10127.61916000;10127.61916000;0.00000000;28;11;119.2606;127.6192
20200505;5;20.0000;LowOrHighOfLast2Candles;0;1.0000;0.000300;0.500000;2.500000;60;0.001000;7;20;1;10115.68296000;10115.68296000;0.00000000;29;10;121.5466;115.6830
20200505;5;20.0000;LowOrHighOfLast2Candles;10;1.0000;0.000300;0.500000;2.500000;60;0.001000;7;20;1;10234.75376000;10234.75376000;0.00000000;27;12;61.0500;234.7538
20200505;5;20.0000;LowOrHighOfLast2Candles;20;1.0000;0.000300;0.500000;2.500000;60;0.001000;7;20;1;10321.79940000;10321.79940000;0.00000000;26;13;62.5900;321.7994
20200505;5;20.0000;LowOrHighOfLast2Candles;30;1.0000;0.000300;0.500000;2.500000;60;0.001000;7;20;1;10205.54836000;10205.54836000;0.00000000;25;11;104.6668;205.5484
20200505;5;20.0000;LowOrHighOfLast2Candles;40;1.0000;0.000300;0.500000;2.500000;60;0.001000;7;20;1;10082.66004000;10082.66004000;0.00000000;19;7;123.5089;82.6600
20200505;5;20.0000;LowOrHighOfLast2Candles;50;1.0000;0.000300;0.500000;2.500000;60;0.001000;7;20;1;9955.22984000;9955.22984000;0.00000000;15;4;163.6374;-44.7702
20200505;5;20.0000;LowOrHighOfLast2Candles;60;1.0000;0.000300;0.500000;2.500000;60;0.001000;7;20;1;9951.53080000;9951.53080000;0.00000000;12;3;141.2100;-48.4692
20200505;5;20.0000;LowOrHighOfLast2Candles;70;1.0000;0.000300;0.500000;2.500000;60;0.001000;7;20;1;9980.47000000;9980.47000000;0.00000000;11;3;121.0100;-19.5300
20200505;5;20.0000;LowOrHighOfLast2Candles;80;1.0000;0.000300;0.500000;2.500000;60;0.001000;7;20;1;9953.87000000;9953.87000000;0.00000000;10;2;121.7800;-46.1300
20200505;5;20.0000;LowOrHighOfLast2Candles;90;1.0000;0.000300;0.500000;2.500000;60;0.001000;7;20;1;9919.68000000;9919.68000000;0.00000000;8;1;97.4000;-80.3200
20200505;5;20.0000;LowOrHighOfLast2Candles;-90;1.0000;0.000300;0.500000;3.000000;60;0.001000;7;20;1;9950.70768000;9950.70768000;0.00000000;9;3;106.7368;-49.2923
20200505;5;20.0000;LowOrHighOfLast2Candles;-80;1.0000;0.000300;0.500000;3.000000;60;0.001000;7;20;1;10002.77936000;10002.77936000;0.00000000;11;4;118.5968;2.7794
20200505;5;20.0000;LowOrHighOfLast2Candles;-70;1.0000;0.000300;0.500000;3.000000;60;0.001000;7;20;1;10051.82292000;10051.82292000;0.00000000;12;5;97.2533;51.8229
20200505;5;20.0000;LowOrHighOfLast2Candles;-60;1.0000;0.000300;0.500000;3.000000;60;0.001000;7;20;1;9995.36504000;9995.36504000;0.00000000;16;5;142.5293;-4.6350
20200505;5;20.0000;LowOrHighOfLast2Candles;-50;1.0000;0.000300;0.500000;3.000000;60;0.001000;7;20;1;10065.84828000;10065.84828000;0.00000000;20;7;118.8029;65.8483
20200505;5;20.0000;LowOrHighOfLast2Candles;-40;1.0000;0.000300;0.500000;3.000000;60;0.001000;7;20;1;10092.75896000;10092.75896000;0.00000000;23;8;159.4574;92.7590
20200505;5;20.0000;LowOrHighOfLast2Candles;-30;1.0000;0.000300;0.500000;3.000000;60;0.001000;7;20;1;10059.05960000;10059.05960000;0.00000000;25;8;175.5235;59.0596
20200505;5;20.0000;LowOrHighOfLast2Candles;-20;1.0000;0.000300;0.500000;3.000000;60;0.001000;7;20;1;10061.53212000;10061.53212000;0.00000000;25;8;195.7846;61.5321
20200505;5;20.0000;LowOrHighOfLast2Candles;-10;1.0000;0.000300;0.500000;3.000000;60;0.001000;7;20;1;10119.65452000;10119.65452000;0.00000000;28;10;177.9606;119.6545
20200505;5;20.0000;LowOrHighOfLast2Candles;0;1.0000;0.000300;0.500000;3.000000;60;0.001000;7;20;1;10112.40384000;10112.40384000;0.00000000;29;9;196.9466;112.4038
20200505;5;20.0000;LowOrHighOfLast2Candles;10;1.0000;0.000300;0.500000;3.000000;60;0.001000;7;20;1;10221.77376000;10221.77376000;0.00000000;27;11;142.9550;221.7738
20200505;5;20.0000;LowOrHighOfLast2Candles;20;1.0000;0.000300;0.500000;3.000000;60;0.001000;7;20;1;10264.07308000;10264.07308000;0.00000000;25;11;60.6600;264.0731
20200505;5;20.0000;LowOrHighOfLast2Candles;30;1.0000;0.000300;0.500000;3.000000;60;0.001000;7;20;1;10235.18748000;10235.18748000;0.00000000;24;10;78.5600;235.1875
20200505;5;20.0000;LowOrHighOfLast2Candles;40;1.0000;0.000300;0.500000;3.000000;60;0.001000;7;20;1;10100.22004000;10100.22004000;0.00000000;19;7;113.6189;100.2200
20200505;5;20.0000;LowOrHighOfLast2Candles;50;1.0000;0.000300;0.500000;3.000000;60;0.001000;7;20;1;9984.10984000;9984.10984000;0.00000000;15;4;163.6374;-15.8902
20200505;5;20.0000;LowOrHighOfLast2Candles;60;1.0000;0.000300;0.500000;3.000000;60;0.001000;7;20;1;9887.20080000;9887.20080000;0.00000000;12;2;181.2492;-112.7992
20200505;5;20.0000;LowOrHighOfLast2Candles;70;1.0000;0.000300;0.500000;3.000000;60;0.001000;7;20;1;10000.03000000;10000.03000000;0.00000000;11;3;121.0100;0.0300
20200505;5;20.0000;LowOrHighOfLast2Candles;80;1.0000;0.000300;0.500000;3.000000;60;0.001000;7;20;1;9973.34000000;9973.34000000;0.00000000;10;2;121.7800;-26.6600
20200505;5;20.0000;LowOrHighOfLast2Candles;90;1.0000;0.000300;0.500000;3.000000;60;0.001000;7;20;1;9929.48000000;9929.48000000;0.00000000;8;1;97.4000;-70.5200
20200505;5;20.0000;LowOrHighOfLast2Candles;-90;1.0000;0.000300;0.500000;3.500000;60;0.001000;7;20;1;9959.97768000;9959.97768000;0.00000000;9;3;106.7368;-40.0223
20200505;5;20.0000;LowOrHighOfLast2Candles;-80;1.0000;0.000300;0.500000;3.500000;60;0.001000;7;20;1;10022.20936000;10022.20936000;0.00000000;11;4;118.5968;22.2094
20200505;5;20.0000;LowOrHighOfLast2Candles;-70;1.0000;0.000300;0.500000;3.500000;60;0.001000;7;20;1;10060.52380000;10060.52380000;0.00000000;13;5;97.2533;60.5238
20200505;5;20.0000;LowOrHighOfLast2Candles;-60;1.0000;0.000300;0.500000;3.500000;60;0.001000;7;20;1;10023.80504000;10023.80504000;0.00000000;16;5;142.5293;23.8050
20200505;5;20.0000;LowOrHighOfLast2Candles;-50;1.0000;0.000300;0.500000;3.500000;60;0.001000;7;20;1;10032.42560000;10032.42560000;0.00000000;19;6;138.3814;32.4256
20200505;5;20.0000;LowOrHighOfLast2Candles;-40;1.0000;0.000300;0.500000;3.500000;60;0.001000;7;20;1;10039.27500000;10039.27500000;0.00000000;22;7;179.4220;39.2750
20200505;5;20.0000;LowOrHighOfLast2Candles;-30;1.0000;0.000300;0.500000;3.500000;60;0.001000;7;20;1;10072.73488000;10072.73488000;0.00000000;24;8;156.9335;72.7349
20200505;5;20.0000;LowOrHighOfLast2Candles;-20;1.0000;0.000300;0.500000;3.500000;60;0.001000;7;20;1;10017.46652000;10017.46652000;0.00000000;24;7;195.7846;17.4665
20200505;5;20.0000;LowOrHighOfLast2Candles;-10;1.0000;0.000300;0.500000;3.500000;60;0.001000;7;20;1;10067.34076000;10067.34076000;0.00000000;28;9;197.2006;67.3408
20200505;5;20.0000;LowOrHighOfLast2Candles;0;1.0000;0.000300;0.500000;3.500000;60;0.001000;7;20;1;10137.91104000;10137.91104000;0.00000000;29;9;196.9466;137.9110
20200505;5;20.0000;LowOrHighOfLast2Candles;10;1.0000;0.000300;0.500000;3.500000;60;0.001000;7;20;1;10202.92736000;10202.92736000;0.00000000;27;10;221.8850;202.9274
20200505;5;20.0000;LowOrHighOfLast2Candles;20;1.0000;0.000300;0.500000;3.500000;60;0.001000;7;20;1;10149.21308000;10149.21308000;0.00000000;25;9;198.1531;149.2131
20200505;5;20.0000;LowOrHighOfLast2Candles;30;1.0000;0.000300;0.500000;3.500000;60;0.001000;7;20;1;10137.07748000;10137.07748000;0.00000000;23;8;139.8468;137.0775
20200505;5;20.0000;LowOrHighOfLast2Candles;40;1.0000;0.000300;0.500000;3.500000;60;0.001000;7;20;1;10004.76916000;10004.76916000;0.00000000;17;5;99.3800;4.7692
20200505;5;20.0000;LowOrHighOfLast2Candles;50;1.0000;0.000300;0.500000;3.500000;60;0.001000;7;20;1;9989.12984000;9989.12984000;0.00000000;14;4;163.6374;-10.8702
20200505;5;20.0000;LowOrHighOfLast2Candles;60;1.0000;0.000300;0.500000;3.500000;60;0.001000;7;20;1;9897.19080000;9897.19080000;0.00000000;12;2;181.2492;-102.8092
20200505;5;20.0000;LowOrHighOfLast2Candles;70;1.0000;0.000300;0.500000;3.500000;60;0.001000;7;20;1;9927.47896000;9927.47896000;0.00000000;11;2;151.2410;-72.5210
20200505;5;20.0000;LowOrHighOfLast2Candles;80;1.0000;0.000300;0.500000;3.500000;60;0.001000;7;20;1;9993.05000000;9993.05000000;0.00000000;10;2;121.7800;-6.9500
20200505;5;20.0000;LowOrHighOfLast2Candles;90;1.0000;0.000300;0.500000;3.500000;60;0.001000;7;20;1;9939.28000000;9939.28000000;0.00000000;8;1;97.4000;-60.7200
20200505;5;20.0000;LowOrHighOfLast2Candles;-90;1.0000;0.000300;0.500000;4.000000;60;0.001000;7;20;1;9969.15768000;9969.15768000;0.00000000;9;3;106.7368;-30.8423
20200505;5;20.0000;LowOrHighOfLast2Candles;-80;1.0000;0.000300;0.500000;4.000000;60;0.001000;7;20;1;10041.72936000;10041.72936000;0.00000000;11;4;118.5968;41.7294
20200505;5;20.0000;LowOrHighOfLast2Candles;-70;1.0000;0.000300;0.500000;4.000000;60;0.001000;7;20;1;10088.48380000;10088.48380000;0.00000000;13;5;97.2533;88.4838
20200505;5;20.0000;LowOrHighOfLast2Candles;-60;1.0000;0.000300;0.500000;4.000000;60;0.001000;7;20;1;10033.94592000;10033.94592000;0.00000000;17;5;142.5293;33.9459
20200505;5;20.0000;LowOrHighOfLast2Candles;-50;1.0000;0.000300;0.500000;4.000000;60;0.001000;7;20;1;10043.32648000;10043.32648000;0.00000000;19;6;138.3814;43.3265
20200505;5;20.0000;LowOrHighOfLast2Candles;-40;1.0000;0.000300;0.500000;4.000000;60;0.001000;7;20;1;10068.22500000;10068.22500000;0.00000000;22;7;179.4220;68.2250
20200505;5;20.0000;LowOrHighOfLast2Candles;-30;1.0000;0.000300;0.500000;4.000000;60;0.001000;7;20;1;10028.18408000;10028.18408000;0.00000000;23;7;177.1241;28.1841
20200505;5;20.0000;LowOrHighOfLast2Candles;-20;1.0000;0.000300;0.500000;4.000000;60;0.001000;7;20;1;10021.81548000;10021.81548000;0.00000000;24;7;195.7846;21.8155
20200505;5;20.0000;LowOrHighOfLast2Candles;-10;1.0000;0.000300;0.500000;4.000000;60;0.001000;7;20;1;10114.76892000;10114.76892000;0.00000000;25;9;177.9606;114.7689
20200505;5;20.0000;LowOrHighOfLast2Candles;0;1.0000;0.000300;0.500000;4.000000;60;0.001000;7;20;1;10096.21272000;10096.21272000;0.00000000;29;8;216.1266;96.2127
20200505;5;20.0000;LowOrHighOfLast2Candles;10;1.0000;0.000300;0.500000;4.000000;60;0.001000;7;20;1;10266.13448000;10266.13448000;0.00000000;27;10;221.8850;266.1345
20200505;5;20.0000;LowOrHighOfLast2Candles;20;1.0000;0.000300;0.500000;4.000000;60;0.001000;7;20;1;10204.97572000;10204.97572000;0.00000000;25;9;198.1531;204.9757
20200505;5;20.0000;LowOrHighOfLast2Candles;30;1.0000;0.000300;0.500000;4.000000;60;0.001000;7;20;1;10085.27748000;10085.27748000;0.00000000;23;7;237.1468;85.2775
20200505;5;20.0000;LowOrHighOfLast2Candles;40;1.0000;0.000300;0.500000;4.000000;60;0.001000;7;20;1;9929.50916000;9929.50916000;0.00000000;17;4;178.3089;-70.4908
20200505;5;20.0000;LowOrHighOfLast2Candles;50;1.0000;0.000300;0.500000;4.000000;60;0.001000;7;20;1;9920.15984000;9920.15984000;0.00000000;13;3;163.6374;-79.8402
20200505;5;20.0000;LowOrHighOfLast2Candles;60;1.0000;0.000300;0.500000;4.000000;60;0.001000;7;20;1;9907.18080000;9907.18080000;0.00000000;12;2;181.2492;-92.8192
20200505;5;20.0000;LowOrHighOfLast2Candles;70;1.0000;0.000300;0.500000;4.000000;60;0.001000;7;20;1;9936.90896000;9936.90896000;0.00000000;11;2;151.2410;-63.0910
20200505;5;20.0000;LowOrHighOfLast2Candles;80;1.0000;0.000300;0.500000;4.000000;60;0.001000;7;20;1;10012.76000000;10012.76000000;0.00000000;10;2;121.7800;12.7600
20200505;5;20.0000;LowOrHighOfLast2Candles;90;1.0000;0.000300;0.500000;4.000000;60;0.001000;7;20;1;9949.08000000;9949.08000000;0.00000000;8;1;97.4000;-50.9200
20200505;5;20.0000;LowOrHighOfLast2Candles;-90;1.0000;0.000300;0.500000;0.500000;120;0.001000;7;20;1;10029.09304000;10029.09304000;0.00000000;16;11;36.1742;29.0930
20200505;5;20.0000;LowOrHighOfLast2Candles;-80;1.0000;0.000300;0.500000;0.500000;120;0.001000;7;20;1;10024.64576000;10024.64576000;0.00000000;19;12;48.9842;24.6458
20200505;5;20.0000;LowOrHighOfLast2Candles;-70;1.0000;0.000300;0.500000;0.500000;120;0.001000;7;20;1;10046.17428000;10046.17428000;0.00000000;21;14;43.9902;46.1743
20200505;5;20.0000;LowOrHighOfLast2Candles;-60;1.0000;0.000300;0.500000;0.500000;120;0.001000;7;20;1;10102.68700000;10102.68700000;0.00000000;27;20;50.5502;102.6870
20200505;5;20.0000;LowOrHighOfLast2Candles;-50;1.0000;0.000300;0.500000;0.500000;120;0.001000;7;20;1;10091.37796000;10091.37796000;0.00000000;29;21;47.5602;91.3780
20200505;5;20.0000;LowOrHighOfLast2Candles;-40;1.0000;0.000300;0.500000;0.500000;120;0.001000;7;20;1;10106.32304000;10106.32304000;0.00000000;31;23;58.2300;106.3230
20200505;5;20.0000;LowOrHighOfLast2Candles;-30;1.0000;0.000300;0.500000;0.500000;120;0.001000;7;20;1;10080.37992000;10080.37992000;0.00000000;34;24;58.0300;80.3799
20200505;5;20.0000;LowOrHighOfLast2Candles;-20;1.0000;0.000300;0.500000;0.500000;120;0.001000;7;20;1;10053.27992000;10053.27992000;0.00000000;34;23;76.8500;53.2799
20200505;5;20.0000;LowOrHighOfLast2Candles;-10;1.0000;0.000300;0.500000;0.500000;120;0.001000;7;20;1;10047.40808000;10047.40808000;0.00000000;37;24;81.2200;47.4081
20200505;5;20.0000;LowOrHighOfLast2Candles;0;1.0000;0.000300;0.500000;0.500000;120;0.001000;7;20;1;10045.38000000;10045.38000000;0.00000000;37;24;120.6200;45.3800
20200505;5;20.0000;LowOrHighOfLast2Candles;10;1.0000;0.000300;0.500000;0.500000;120;0.001000;7;20;1;10001.83000000;10001.83000000;0.00000000;34;21;118.5900;1.8300
20200505;5;20.0000;LowOrHighOfLast2Candles;20;1.0000;0.000300;0.500000;0.500000;120;0.001000;7;20;1;9984.16000000;9984.16000000;0.00000000;32;19;87.3100;-15.8400
20200505;5;20.0000;LowOrHighOfLast2Candles;30;1.0000;0.000300;0.500000;0.500000;120;0.001000;7;20;1;9934.86000000;9934.86000000;0.00000000;30;16;138.2200;-65.1400
20200505;5;20.0000;LowOrHighOfLast2Candles;40;1.0000;0.000300;0.500000;0.500000;120;0.001000;7;20;1;9889.23000000;9889.23000000;0.00000000;26;12;157.8700;-110.7700
20200505;5;20.0000;LowOrHighOfLast2Candles;50;1.0000;0.000300;0.500000;0.500000;120;0.001000;7;20;1;9790.46000000;9790.46000000;0.00000000;21;6;221.1300;-209.5400
20200505;5;20.0000;LowOrHighOfLast2Candles;60;1.0000;0.000300;0.500000;0.500000;120;0.001000;7;20;1;9825.68000000;9825.68000000;0.00000000;19;6;206.2100;-174.3200
20200505;5;20.0000;LowOrHighOfLast2Candles;70;1.0000;0.000300;0.500000;0.500000;120;0.001000;7;20;1;9852.22000000;9852.22000000;0.00000000;18;6;184.0700;-147.7800
20200505;5;20.0000;LowOrHighOfLast2Candles;80;1.0000;0.000300;0.500000;0.500000;120;0.001000;7;20;1;9787.11000000;9787.11000000;0.00000000;16;3;234.5100;-212.8900
20200505;5;20.0000;LowOrHighOfLast2Candles;90;1.0000;0.000300;0.500000;0.500000;120;0.001000;7;20;1;9776.15000000;9776.15000000;0.00000000;15;2;223.8500;-223.8500
20200505;5;20.0000;LowOrHighOfLast2Candles;-90;1.0000;0.000300;0.500000;1.000000;120;0.001000;7;20;1;10129.59872000;10129.59872000;0.00000000;15;11;19.2000;129.5987
20200505;5;20.0000;LowOrHighOfLast2Candles;-80;1.0000;0.000300;0.500000;1.000000;120;0.001000;7;20;1;10135.25144000;10135.25144000;0.00000000;18;12;20.1300;135.2514
20200505;5;20.0000;LowOrHighOfLast2Candles;-70;1.0000;0.000300;0.500000;1.000000;120;0.001000;7;20;1;10135.42412000;10135.42412000;0.00000000;18;12;20.0200;135.4241
20200505;5;20.0000;LowOrHighOfLast2Candles;-60;1.0000;0.000300;0.500000;1.000000;120;0.001000;7;20;1;10116.79728000;10116.79728000;0.00000000;25;14;36.9342;116.7973
20200505;5;20.0000;LowOrHighOfLast2Candles;-50;1.0000;0.000300;0.500000;1.000000;120;0.001000;7;20;1;10155.07272000;10155.07272000;0.00000000;27;16;34.7842;155.0727
20200505;5;20.0000;LowOrHighOfLast2Candles;-40;1.0000;0.000300;0.500000;1.000000;120;0.001000;7;20;1;10134.69872000;10134.69872000;0.00000000;29;16;61.5900;134.6987
20200505;5;20.0000;LowOrHighOfLast2Candles;-30;1.0000;0.000300;0.500000;1.000000;120;0.001000;7;20;1;10083.04420000;10083.04420000;0.00000000;30;16;71.3300;83.0442
20200505;5;20.0000;LowOrHighOfLast2Candles;-20;1.0000;0.000300;0.500000;1.000000;120;0.001000;7;20;1;10108.28292000;10108.28292000;0.00000000;30;17;76.8500;108.2829
20200505;5;20.0000;LowOrHighOfLast2Candles;-10;1.0000;0.000300;0.500000;1.000000;120;0.001000;7;20;1;10112.77968000;10112.77968000;0.00000000;35;19;78.5200;112.7797
20200505;5;20.0000;LowOrHighOfLast2Candles;0;1.0000;0.000300;0.500000;1.000000;120;0.001000;7;20;1;10025.84072000;10025.84072000;0.00000000;35;17;125.5300;25.8407
20200505;5;20.0000;LowOrHighOfLast2Candles;10;1.0000;0.000300;0.500000;1.000000;120;0.001000;7;20;1;10011.83256000;10011.83256000;0.00000000;33;16;125.6300;11.8326
20200505;5;20.0000;LowOrHighOfLast2Candles;20;1.0000;0.000300;0.500000;1.000000;120;0.001000;7;20;1;10007.96168000;10007.96168000;0.00000000;31;15;103.4100;7.9617
20200505;5;20.0000;LowOrHighOfLast2Candles;30;1.0000;0.000300;0.500000;1.000000;120;0.001000;7;20;1;10077.35000000;10077.35000000;0.00000000;30;16;104.7600;77.3500
20200505;5;20.0000;LowOrHighOfLast2Candles;40;1.0000;0.000300;0.500000;1.000000;120;0.001000;7;20;1;9990.51000000;9990.51000000;0.00000000;26;12;133.4000;-9.4900
20200505;5;20.0000;LowOrHighOfLast2Candles;50;1.0000;0.000300;0.500000;1.000000;120;0.001000;7;20;1;9838.58000000;9838.58000000;0.00000000;21;6;208.5000;-161.4200
20200505;5;20.0000;LowOrHighOfLast2Candles;60;1.0000;0.000300;0.500000;1.000000;120;0.001000;7;20;1;9798.81000000;9798.81000000;0.00000000;19;4;239.1300;-201.1900
20200505;5;20.0000;LowOrHighOfLast2Candles;70;1.0000;0.000300;0.500000;1.000000;120;0.001000;7;20;1;9866.79000000;9866.79000000;0.00000000;18;5;173.9900;-133.2100
20200505;5;20.0000;LowOrHighOfLast2Candles;80;1.0000;0.000300;0.500000;1.000000;120;0.001000;7;20;1;9816.06000000;9816.06000000;0.00000000;16;3;222.2700;-183.9400
20200505;5;20.0000;LowOrHighOfLast2Candles;90;1.0000;0.000300;0.500000;1.000000;120;0.001000;7;20;1;9795.75000000;9795.75000000;0.00000000;15;2;217.0800;-204.2500
20200505;5;20.0000;LowOrHighOfLast2Candles;-90;1.0000;0.000300;0.500000;1.500000;120;0.001000;7;20;1;10091.64320000;10091.64320000;0.00000000;15;9;38.7787;91.6432
20200505;5;20.0000;LowOrHighOfLast2Candles;-80;1.0000;0.000300;0.500000;1.500000;120;0.001000;7;20;1;10113.76320000;10113.76320000;0.00000000;18;10;36.9787;113.7632
20200505;5;20.0000;LowOrHighOfLast2Candles;-70;1.0000;0.000300;0.500000;1.500000;120;0.001000;7;20;1;10181.10876000;10181.10876000;0.00000000;18;11;23.4000;181.1088
20200505;5;20.0000;LowOrHighOfLast2Candles;-60;1.0000;0.000300;0.500000;1.500000;120;0.001000;7;20;1;10112.39048000;10112.39048000;0.00000000;23;11;64.2664;112.3905
20200505;5;20.0000;LowOrHighOfLast2Candles;-50;1.0000;0.000300;0.500000;1.500000;120;0.001000;7;20;1;10163.09024000;10163.09024000;0.00000000;23;12;34.2300;163.0902
20200505;5;20.0000;LowOrHighOfLast2Candles;-40;1.0000;0.000300;0.500000;1.500000;120;0.001000;7;20;1;10156.26728000;10156.26728000;0.00000000;24;12;42.9500;156.2673
20200505;5;20.0000;LowOrHighOfLast2Candles;-30;1.0000;0.000300;0.500000;1.500000;120;0.001000;7;20;1;10092.27192000;10092.27192000;0.00000000;26;12;57.0283;92.2719
20200505;5;20.0000;LowOrHighOfLast2Candles;-20;1.0000;0.000300;0.500000;1.500000;120;0.001000;7;20;1;10134.05544000;10134.05544000;0.00000000;28;14;79.8700;134.0554
20200505;5;20.0000;LowOrHighOfLast2Candles;-10;1.0000;0.000300;0.500000;1.500000;120;0.001000;7;20;1;10235.78996000;10235.78996000;0.00000000;32;18;59.6200;235.7900
20200505;5;20.0000;LowOrHighOfLast2Candles;0;1.0000;0.000300;0.500000;1.500000;120;0.001000;7;20;1;10051.05104000;10051.05104000;0.00000000;32;13;106.7766;51.0510
20200505;5;20.0000;LowOrHighOfLast2Candles;10;1.0000;0.000300;0.500000;1.500000;120;0.001000;7;20;1;10162.65100000;10162.65100000;0.00000000;30;15;106.5000;162.6510
20200505;5;20.0000;LowOrHighOfLast2Candles;20;1.0000;0.000300;0.500000;1.500000;120;0.001000;7;20;1;10088.62968000;10088.62968000;0.00000000;31;14;106.2100;88.6297
20200505;5;20.0000;LowOrHighOfLast2Candles;30;1.0000;0.000300;0.500000;1.500000;120;0.001000;7;20;1;10079.23616000;10079.23616000;0.00000000;29;13;107.5600;79.2362
20200505;5;20.0000;LowOrHighOfLast2Candles;40;1.0000;0.000300;0.500000;1.500000;120;0.001000;7;20;1;10007.48808000;10007.48808000;0.00000000;25;10;145.1100;7.4881
20200505;5;20.0000;LowOrHighOfLast2Candles;50;1.0000;0.000300;0.500000;1.500000;120;0.001000;7;20;1;9886.26000000;9886.26000000;0.00000000;21;6;198.9800;-113.7400
20200505;5;20.0000;LowOrHighOfLast2Candles;60;1.0000;0.000300;0.500000;1.500000;120;0.001000;7;20;1;9823.85000000;9823.85000000;0.00000000;19;4;239.1300;-176.1500
20200505;5;20.0000;LowOrHighOfLast2Candles;70;1.0000;0.000300;0.500000;1.500000;120;0.001000;7;20;1;9859.69000000;9859.69000000;0.00000000;18;4;220.0700;-140.3100
20200505;5;20.0000;LowOrHighOfLast2Candles;80;1.0000;0.000300;0.500000;1.500000;120;0.001000;7;20;1;9844.54000000;9844.54000000;0.00000000;16;3;222.2700;-155.4600
20200505;5;20.0000;LowOrHighOfLast2Candles;90;1.0000;0.000300;0.500000;1.500000;120;0.001000;7;20;1;9815.20000000;9815.20000000;0.00000000;15;2;217.0800;-184.8000
20200505;5;20.0000;LowOrHighOfLast2Candles;-90;1.0000;0.000300;0.500000;2.000000;120;0.001000;7;20;1;10070.20856000;10070.20856000;0.00000000;15;8;77.1687;70.2086
20200505;5;20.0000;LowOrHighOfLast2Candles;-80;1.0000;0.000300;0.500000;2.000000;120;0.001000;7;20;1;10123.27312000;10123.27312000;0.00000000;18;9;56.5787;123.2731
20200505;5;20.0000;LowOrHighOfLast2Candles;-70;1.0000;0.000300;0.500000;2.000000;120;0.001000;7;20;1;10120.23052000;10120.23052000;0.00000000;18;9;59.8808;120.2305
20200505;5;20.0000;LowOrHighOfLast2Candles;-60;1.0000;0.000300;0.500000;2.000000;120;0.001000;7;20;1;10058.68496000;10058.68496000;0.00000000;23;9;140.6572;58.6850
20200505;5;20.0000;LowOrHighOfLast2Candles;-50;1.0000;0.000300;0.500000;2.000000;120;0.001000;7;20;1;10122.49744000;10122.49744000;0.00000000;23;10;73.4593;122.4974
20200505;5;20.0000;LowOrHighOfLast2Candles;-40;1.0000;0.000300;0.500000;2.000000;120;0.001000;7;20;1;10134.99544000;10134.99544000;0.00000000;24;10;96.5774;134.9954
20200505;5;20.0000;LowOrHighOfLast2Candles;-30;1.0000;0.000300;0.500000;2.000000;120;0.001000;7;20;1;10149.15696000;10149.15696000;0.00000000;25;11;80.2685;149.1570
20200505;5;20.0000;LowOrHighOfLast2Candles;-20;1.0000;0.000300;0.500000;2.000000;120;0.001000;7;20;1;10136.05860000;10136.05860000;0.00000000;26;11;69.8800;136.0586
20200505;5;20.0000;LowOrHighOfLast2Candles;-10;1.0000;0.000300;0.500000;2.000000;120;0.001000;7;20;1;10154.51916000;10154.51916000;0.00000000;29;13;59.6200;154.5192
20200505;5;20.0000;LowOrHighOfLast2Candles;0;1.0000;0.000300;0.500000;2.000000;120;0.001000;7;20;1;10232.94480000;10232.94480000;0.00000000;30;14;71.2900;232.9448
20200505;5;20.0000;LowOrHighOfLast2Candles;10;1.0000;0.000300;0.500000;2.000000;120;0.001000;7;20;1;10222.06008000;10222.06008000;0.00000000;29;14;70.9700;222.0601
20200505;5;20.0000;LowOrHighOfLast2Candles;20;1.0000;0.000300;0.500000;2.000000;120;0.001000;7;20;1;10196.90108000;10196.90108000;0.00000000;27;13;72.4900;196.9011
20200505;5;20.0000;LowOrHighOfLast2Candles;30;1.0000;0.000300;0.500000;2.000000;120;0.001000;7;20;1;10170.71048000;10170.71048000;0.00000000;27;12;78.2300;170.7105
20200505;5;20.0000;LowOrHighOfLast2Candles;40;1.0000;0.000300;0.500000;2.000000;120;0.001000;7;20;1;10034.83704000;10034.83704000;0.00000000;25;9;125.3400;34.8370
20200505;5;20.0000;LowOrHighOfLast2Candles;50;1.0000;0.000300;0.500000;2.000000;120;0.001000;7;20;1;9873.58264000;9873.58264000;0.00000000;21;5;195.6574;-126.4174
20200505;5;20.0000;LowOrHighOfLast2Candles;60;1.0000;0.000300;0.500000;2.000000;120;0.001000;7;20;1;9853.07000000;9853.07000000;0.00000000;19;4;239.1300;-146.9300
20200505;5;20.0000;LowOrHighOfLast2Candles;70;1.0000;0.000300;0.500000;2.000000;120;0.001000;7;20;1;9882.05000000;9882.05000000;0.00000000;18;4;220.0700;-117.9500
20200505;5;20.0000;LowOrHighOfLast2Candles;80;1.0000;0.000300;0.500000;2.000000;120;0.001000;7;20;1;9873.49000000;9873.49000000;0.00000000;16;3;222.2700;-126.5100
20200505;5;20.0000;LowOrHighOfLast2Candles;90;1.0000;0.000300;0.500000;2.000000;120;0.001000;7;20;1;9835.00000000;9835.00000000;0.00000000;15;2;217.0800;-165.0000
20200505;5;20.0000;LowOrHighOfLast2Candles;-90;1.0000;0.000300;0.500000;2.500000;120;0.001000;7;20;1;10040.34392000;10040.34392000;0.00000000;14;7;97.0352;40.3439
20200505;5;20.0000;LowOrHighOfLast2Candles;-80;1.0000;0.000300;0.500000;2.500000;120;0.001000;7;20;1;10086.37752000;10086.37752000;0.00000000;17;8;56.5787;86.3775
20200505;5;20.0000;LowOrHighOfLast2Candles;-70;1.0000;0.000300;0.500000;2.500000;120;0.001000;7;20;1;10140.13676000;10140.13676000;0.00000000;18;9;59.8808;140.1368
20200505;5;20.0000;LowOrHighOfLast2Candles;-60;1.0000;0.000300;0.500000;2.500000;120;0.001000;7;20;1;10030.14848000;10030.14848000;0.00000000;23;8;160.6572;30.1485
20200505;5;20.0000;LowOrHighOfLast2Candles;-50;1.0000;0.000300;0.500000;2.500000;120;0.001000;7;20;1;10055.02280000;10055.02280000;0.00000000;23;8;157.3193;55.0228
20200505;5;20.0000;LowOrHighOfLast2Candles;-40;1.0000;0.000300;0.500000;2.500000;120;0.001000;7;20;1;10116.71264000;10116.71264000;0.00000000;24;9;161.6174;116.7126
20200505;5;20.0000;LowOrHighOfLast2Candles;-30;1.0000;0.000300;0.500000;2.500000;120;0.001000;7;20;1;10075.19688000;10075.19688000;0.00000000;25;9;156.4035;75.1969
20200505;5;20.0000;LowOrHighOfLast2Candles;-20;1.0000;0.000300;0.500000;2.500000;120;0.001000;7;20;1;10076.99948000;10076.99948000;0.00000000;26;9;177.1546;76.9995
20200505;5;20.0000;LowOrHighOfLast2Candles;-10;1.0000;0.000300;0.500000;2.500000;120;0.001000;7;20;1;10180.34916000;10180.34916000;0.00000000;29;12;99.3406;180.3492
20200505;5;20.0000;LowOrHighOfLast2Candles;0;1.0000;0.000300;0.500000;2.500000;120;0.001000;7;20;1;10168.42296000;10168.42296000;0.00000000;30;11;101.5266;168.4230
20200505;5;20.0000;LowOrHighOfLast2Candles;10;1.0000;0.000300;0.500000;2.500000;120;0.001000;7;20;1;10289.55376000;10289.55376000;0.00000000;28;13;61.0500;289.5538
20200505;5;20.0000;LowOrHighOfLast2Candles;20;1.0000;0.000300;0.500000;2.500000;120;0.001000;7;20;1;10320.17924000;10320.17924000;0.00000000;26;13;62.5900;320.1792
20200505;5;20.0000;LowOrHighOfLast2Candles;30;1.0000;0.000300;0.500000;2.500000;120;0.001000;7;20;1;10257.23364000;10257.23364000;0.00000000;26;12;60.7800;257.2336
20200505;5;20.0000;LowOrHighOfLast2Candles;40;1.0000;0.000300;0.500000;2.500000;120;0.001000;7;20;1;10075.74620000;10075.74620000;0.00000000;23;8;119.5400;75.7462
20200505;5;20.0000;LowOrHighOfLast2Candles;50;1.0000;0.000300;0.500000;2.500000;120;0.001000;7;20;1;9911.78264000;9911.78264000;0.00000000;21;5;179.6600;-88.2174
20200505;5;20.0000;LowOrHighOfLast2Candles;60;1.0000;0.000300;0.500000;2.500000;120;0.001000;7;20;1;9882.09080000;9882.09080000;0.00000000;19;4;239.1300;-117.9092
20200505;5;20.0000;LowOrHighOfLast2Candles;70;1.0000;0.000300;0.500000;2.500000;120;0.001000;7;20;1;9911.13000000;9911.13000000;0.00000000;18;4;220.0700;-88.8700
20200505;5;20.0000;LowOrHighOfLast2Candles;80;1.0000;0.000300;0.500000;2.500000;120;0.001000;7;20;1;9902.44000000;9902.44000000;0.00000000;16;3;222.2700;-97.5600
20200505;5;20.0000;LowOrHighOfLast2Candles;90;1.0000;0.000300;0.500000;2.500000;120;0.001000;7;20;1;9854.60000000;9854.60000000;0.00000000;15;2;217.0800;-145.4000
20200505;5;20.0000;LowOrHighOfLast2Candles;-90;1.0000;0.000300;0.500000;3.000000;120;0.001000;7;20;1;10066.45392000;10066.45392000;0.00000000;14;7;97.0352;66.4539
20200505;5;20.0000;LowOrHighOfLast2Candles;-80;1.0000;0.000300;0.500000;3.000000;120;0.001000;7;20;1;10060.10560000;10060.10560000;0.00000000;16;7;95.9371;60.1056
20200505;5;20.0000;LowOrHighOfLast2Candles;-70;1.0000;0.000300;0.500000;3.000000;120;0.001000;7;20;1;10125.58732000;10125.58732000;0.00000000;17;8;59.8808;125.5873
20200505;5;20.0000;LowOrHighOfLast2Candles;-60;1.0000;0.000300;0.500000;3.000000;120;0.001000;7;20;1;10004.27388000;10004.27388000;0.00000000;21;7;161.1458;4.2739
20200505;5;20.0000;LowOrHighOfLast2Candles;-50;1.0000;0.000300;0.500000;3.000000;120;0.001000;7;20;1;10070.86992000;10070.86992000;0.00000000;22;8;138.3193;70.8699
20200505;5;20.0000;LowOrHighOfLast2Candles;-40;1.0000;0.000300;0.500000;3.000000;120;0.001000;7;20;1;10093.06160000;10093.06160000;0.00000000;23;8;161.6174;93.0616
20200505;5;20.0000;LowOrHighOfLast2Candles;-30;1.0000;0.000300;0.500000;3.000000;120;0.001000;7;20;1;10060.56768000;10060.56768000;0.00000000;25;8;174.9935;60.5677
20200505;5;20.0000;LowOrHighOfLast2Candles;-20;1.0000;0.000300;0.500000;3.000000;120;0.001000;7;20;1;10123.35212000;10123.35212000;0.00000000;26;9;177.1546;123.3521
20200505;5;20.0000;LowOrHighOfLast2Candles;-10;1.0000;0.000300;0.500000;3.000000;120;0.001000;7;20;1;10182.24452000;10182.24452000;0.00000000;29;11;158.1806;182.2445
20200505;5;20.0000;LowOrHighOfLast2Candles;0;1.0000;0.000300;0.500000;3.000000;120;0.001000;7;20;1;10174.68384000;10174.68384000;0.00000000;30;10;176.9266;174.6838
20200505;5;20.0000;LowOrHighOfLast2Candles;10;1.0000;0.000300;0.500000;3.000000;120;0.001000;7;20;1;10286.37376000;10286.37376000;0.00000000;28;12;98.2527;286.3738
20200505;5;20.0000;LowOrHighOfLast2Candles;20;1.0000;0.000300;0.500000;3.000000;120;0.001000;7;20;1;10327.37292000;10327.37292000;0.00000000;26;12;60.6600;327.3729
20200505;5;20.0000;LowOrHighOfLast2Candles;30;1.0000;0.000300;0.500000;3.000000;120;0.001000;7;20;1;10296.63276000;10296.63276000;0.00000000;25;11;60.1100;296.6328
20200505;5;20.0000;LowOrHighOfLast2Candles;40;1.0000;0.000300;0.500000;3.000000;120;0.001000;7;20;1;10103.28620000;10103.28620000;0.00000000;23;8;119.5400;103.2862
20200505;5;20.0000;LowOrHighOfLast2Candles;50;1.0000;0.000300;0.500000;3.000000;120;0.001000;7;20;1;9949.98264000;9949.98264000;0.00000000;21;5;178.5500;-50.0174
20200505;5;20.0000;LowOrHighOfLast2Candles;60;1.0000;0.000300;0.500000;3.000000;120;0.001000;7;20;1;9826.94080000;9826.94080000;0.00000000;19;3;239.1300;-173.0592
20200505;5;20.0000;LowOrHighOfLast2Candles;70;1.0000;0.000300;0.500000;3.000000;120;0.001000;7;20;1;9940.13000000;9940.13000000;0.00000000;18;4;220.0700;-59.8700
20200505;5;20.0000;LowOrHighOfLast2Candles;80;1.0000;0.000300;0.500000;3.000000;120;0.001000;7;20;1;9931.26000000;9931.26000000;0.00000000;16;3;222.2700;-68.7400
20200505;5;20.0000;LowOrHighOfLast2Candles;90;1.0000;0.000300;0.500000;3.000000;120;0.001000;7;20;1;9874.40000000;9874.40000000;0.00000000;15;2;217.0800;-125.6000
20200505;5;20.0000;LowOrHighOfLast2Candles;-90;1.0000;0.000300;0.500000;3.500000;120;0.001000;7;20;1;10076.55208000;10076.55208000;0.00000000;15;7;97.0352;76.5521
20200505;5;20.0000;LowOrHighOfLast2Candles;-80;1.0000;0.000300;0.500000;3.500000;120;0.001000;7;20;1;10075.19376000;10075.19376000;0.00000000;16;7;95.9371;75.1938
20200505;5;20.0000;LowOrHighOfLast2Candles;-70;1.0000;0.000300;0.500000;3.500000;120;0.001000;7;20;1;10077.07628000;10077.07628000;0.00000000;16;7;99.0352;77.0763
20200505;5;20.0000;LowOrHighOfLast2Candles;-60;1.0000;0.000300;0.500000;3.500000;120;0.001000;7;20;1;10032.71388000;10032.71388000;0.00000000;21;7;161.1458;32.7139
20200505;5;20.0000;LowOrHighOfLast2Candles;-50;1.0000;0.000300;0.500000;3.500000;120;0.001000;7;20;1;10037.44724000;10037.44724000;0.00000000;21;7;157.8978;37.4472
20200505;5;20.0000;LowOrHighOfLast2Candles;-40;1.0000;0.000300;0.500000;3.500000;120;0.001000;7;20;1;10039.57764000;10039.57764000;0.00000000;22;7;181.5820;39.5776
20200505;5;20.0000;LowOrHighOfLast2Candles;-30;1.0000;0.000300;0.500000;3.500000;120;0.001000;7;20;1;10074.24296000;10074.24296000;0.00000000;24;8;156.4035;74.2430
20200505;5;20.0000;LowOrHighOfLast2Candles;-20;1.0000;0.000300;0.500000;3.500000;120;0.001000;7;20;1;10089.04652000;10089.04652000;0.00000000;25;8;177.1546;89.0465
20200505;5;20.0000;LowOrHighOfLast2Candles;-10;1.0000;0.000300;0.500000;3.500000;120;0.001000;7;20;1;10139.62076000;10139.62076000;0.00000000;29;10;177.4206;139.6208
20200505;5;20.0000;LowOrHighOfLast2Candles;0;1.0000;0.000300;0.500000;3.500000;120;0.001000;7;20;1;10209.91104000;10209.91104000;0.00000000;30;10;176.9266;209.9110
20200505;5;20.0000;LowOrHighOfLast2Candles;10;1.0000;0.000300;0.500000;3.500000;120;0.001000;7;20;1;10277.52736000;10277.52736000;0.00000000;28;11;177.1827;277.5274
20200505;5;20.0000;LowOrHighOfLast2Candles;20;1.0000;0.000300;0.500000;3.500000;120;0.001000;7;20;1;10222.17292000;10222.17292000;0.00000000;26;10;180.3748;222.1729
20200505;5;20.0000;LowOrHighOfLast2Candles;30;1.0000;0.000300;0.500000;3.500000;120;0.001000;7;20;1;10286.65276000;10286.65276000;0.00000000;25;10;100.6168;286.6528
20200505;5;20.0000;LowOrHighOfLast2Candles;40;1.0000;0.000300;0.500000;3.500000;120;0.001000;7;20;1;10095.91532000;10095.91532000;0.00000000;22;7;119.5400;95.9153
20200505;5;20.0000;LowOrHighOfLast2Candles;50;1.0000;0.000300;0.500000;3.500000;120;0.001000;7;20;1;9944.64264000;9944.64264000;0.00000000;21;5;178.5500;-55.3574
20200505;5;20.0000;LowOrHighOfLast2Candles;60;1.0000;0.000300;0.500000;3.500000;120;0.001000;7;20;1;9846.17080000;9846.17080000;0.00000000;19;3;239.1300;-153.8292
20200505;5;20.0000;LowOrHighOfLast2Candles;70;1.0000;0.000300;0.500000;3.500000;120;0.001000;7;20;1;9877.09896000;9877.09896000;0.00000000;18;3;220.0700;-122.9010
20200505;5;20.0000;LowOrHighOfLast2Candles;80;1.0000;0.000300;0.500000;3.500000;120;0.001000;7;20;1;9960.21000000;9960.21000000;0.00000000;16;3;222.2700;-39.7900
20200505;5;20.0000;LowOrHighOfLast2Candles;90;1.0000;0.000300;0.500000;3.500000;120;0.001000;7;20;1;9894.00000000;9894.00000000;0.00000000;15;2;217.0800;-106.0000
20200505;5;20.0000;LowOrHighOfLast2Candles;-90;1.0000;0.000300;0.500000;4.000000;120;0.001000;7;20;1;10118.68392000;10118.68392000;0.00000000;14;7;97.0352;118.6839
20200505;5;20.0000;LowOrHighOfLast2Candles;-80;1.0000;0.000300;0.500000;4.000000;120;0.001000;7;20;1;10102.21376000;10102.21376000;0.00000000;16;7;95.9371;102.2138
20200505;5;20.0000;LowOrHighOfLast2Candles;-70;1.0000;0.000300;0.500000;4.000000;120;0.001000;7;20;1;10105.03628000;10105.03628000;0.00000000;16;7;99.0352;105.0363
20200505;5;20.0000;LowOrHighOfLast2Candles;-60;1.0000;0.000300;0.500000;4.000000;120;0.001000;7;20;1;10045.10476000;10045.10476000;0.00000000;21;7;161.1458;45.1048
20200505;5;20.0000;LowOrHighOfLast2Candles;-50;1.0000;0.000300;0.500000;4.000000;120;0.001000;7;20;1;10048.34812000;10048.34812000;0.00000000;21;7;157.8978;48.3481
20200505;5;20.0000;LowOrHighOfLast2Candles;-40;1.0000;0.000300;0.500000;4.000000;120;0.001000;7;20;1;10068.52764000;10068.52764000;0.00000000;22;7;181.5820;68.5276
20200505;5;20.0000;LowOrHighOfLast2Candles;-30;1.0000;0.000300;0.500000;4.000000;120;0.001000;7;20;1;10029.69216000;10029.69216000;0.00000000;23;7;176.5941;29.6922
20200505;5;20.0000;LowOrHighOfLast2Candles;-20;1.0000;0.000300;0.500000;4.000000;120;0.001000;7;20;1;10020.18884000;10020.18884000;0.00000000;24;7;197.4112;20.1888
20200505;5;20.0000;LowOrHighOfLast2Candles;-10;1.0000;0.000300;0.500000;4.000000;120;0.001000;7;20;1;10196.90892000;10196.90892000;0.00000000;26;10;158.1806;196.9089
20200505;5;20.0000;LowOrHighOfLast2Candles;0;1.0000;0.000300;0.500000;4.000000;120;0.001000;7;20;1;10177.75272000;10177.75272000;0.00000000;30;9;196.1066;177.7527
20200505;5;20.0000;LowOrHighOfLast2Candles;10;1.0000;0.000300;0.500000;4.000000;120;0.001000;7;20;1;10350.73448000;10350.73448000;0.00000000;28;11;177.1827;350.7345
20200505;5;20.0000;LowOrHighOfLast2Candles;20;1.0000;0.000300;0.500000;4.000000;120;0.001000;7;20;1;10287.59556000;10287.59556000;0.00000000;26;10;180.3748;287.5956
20200505;5;20.0000;LowOrHighOfLast2Candles;30;1.0000;0.000300;0.500000;4.000000;120;0.001000;7;20;1;10254.41276000;10254.41276000;0.00000000;25;9;178.9868;254.4128
20200505;5;20.0000;LowOrHighOfLast2Candles;40;1.0000;0.000300;0.500000;4.000000;120;0.001000;7;20;1;10040.33532000;10040.33532000;0.00000000;22;6;159.5889;40.3353
20200505;5;20.0000;LowOrHighOfLast2Candles;50;1.0000;0.000300;0.500000;4.000000;120;0.001000;7;20;1;9885.23624000;9885.23624000;0.00000000;20;4;178.5500;-114.7638
20200505;5;20.0000;LowOrHighOfLast2Candles;60;1.0000;0.000300;0.500000;4.000000;120;0.001000;7;20;1;9865.34080000;9865.34080000;0.00000000;19;3;239.1300;-134.6592
20200505;5;20.0000;LowOrHighOfLast2Candles;70;1.0000;0.000300;0.500000;4.000000;120;0.001000;7;20;1;9896.04896000;9896.04896000;0.00000000;18;3;220.0700;-103.9510
20200505;5;20.0000;LowOrHighOfLast2Candles;80;1.0000;0.000300;0.500000;4.000000;120;0.001000;7;20;1;9989.16000000;9989.16000000;0.00000000;16;3;222.2700;-10.8400
20200505;5;20.0000;LowOrHighOfLast2Candles;90;1.0000;0.000300;0.500000;4.000000;120;0.001000;7;20;1;9913.80000000;9913.80000000;0.00000000;15;2;217.0800;-86.2000
20200505;5;20.0000;LowOrHighOfLast2Candles;-90;1.0000;0.000300;0.500000;0.500000;180;0.001000;7;20;1;10084.15056000;10084.15056000;0.00000000;21;16;26.3081;84.1506
20200505;5;20.0000;LowOrHighOfLast2Candles;-80;1.0000;0.000300;0.500000;0.500000;180;0.001000;7;20;1;10056.59764000;10056.59764000;0.00000000;22;15;40.5723;56.5976
20200505;5;20.0000;LowOrHighOfLast2Candles;-70;1.0000;0.000300;0.500000;0.500000;180;0.001000;7;20;1;10070.27428000;10070.27428000;0.00000000;23;16;37.6902;70.2743
20200505;5;20.0000;LowOrHighOfLast2Candles;-60;1.0000;0.000300;0.500000;0.500000;180;0.001000;7;20;1;10082.89604000;10082.89604000;0.00000000;28;20;50.5502;82.8960
20200505;5;20.0000;LowOrHighOfLast2Candles;-50;1.0000;0.000300;0.500000;0.500000;180;0.001000;7;20;1;10091.37796000;10091.37796000;0.00000000;29;21;47.5602;91.3780
20200505;5;20.0000;LowOrHighOfLast2Candles;-40;1.0000;0.000300;0.500000;0.500000;180;0.001000;7;20;1;10106.32304000;10106.32304000;0.00000000;31;23;58.2300;106.3230
20200505;5;20.0000;LowOrHighOfLast2Candles;-30;1.0000;0.000300;0.500000;0.500000;180;0.001000;7;20;1;10080.37992000;10080.37992000;0.00000000;34;24;58.0300;80.3799
20200505;5;20.0000;LowOrHighOfLast2Candles;-20;1.0000;0.000300;0.500000;0.500000;180;0.001000;7;20;1;10050.31992000;10050.31992000;0.00000000;35;23;76.8500;50.3199
20200505;5;20.0000;LowOrHighOfLast2Candles;-10;1.0000;0.000300;0.500000;0.500000;180;0.001000;7;20;1;10027.80808000;10027.80808000;0.00000000;38;24;100.8200;27.8081
20200505;5;20.0000;LowOrHighOfLast2Candles;0;1.0000;0.000300;0.500000;0.500000;180;0.001000;7;20;1;10007.13000000;10007.13000000;0.00000000;39;24;140.5300;7.1300
20200505;5;20.0000;LowOrHighOfLast2Candles;10;1.0000;0.000300;0.500000;0.500000;180;0.001000;7;20;1;9970.05000000;9970.05000000;0.00000000;37;22;138.5100;-29.9500
20200505;5;20.0000;LowOrHighOfLast2Candles;20;1.0000;0.000300;0.500000;0.500000;180;0.001000;7;20;1;9945.09000000;9945.09000000;0.00000000;34;19;123.9900;-54.9100
20200505;5;20.0000;LowOrHighOfLast2Candles;30;1.0000;0.000300;0.500000;0.500000;180;0.001000;7;20;1;9896.52000000;9896.52000000;0.00000000;32;16;176.5600;-103.4800
20200505;5;20.0000;LowOrHighOfLast2Candles;40;1.0000;0.000300;0.500000;0.500000;180;0.001000;7;20;1;9881.86000000;9881.86000000;0.00000000;28;13;167.6700;-118.1400
20200505;5;20.0000;LowOrHighOfLast2Candles;50;1.0000;0.000300;0.500000;0.500000;180;0.001000;7;20;1;9797.89000000;9797.89000000;0.00000000;24;8;213.7000;-202.1100
20200505;5;20.0000;LowOrHighOfLast2Candles;60;1.0000;0.000300;0.500000;0.500000;180;0.001000;7;20;1;9835.38000000;9835.38000000;0.00000000;22;8;196.5100;-164.6200
20200505;5;20.0000;LowOrHighOfLast2Candles;70;1.0000;0.000300;0.500000;0.500000;180;0.001000;7;20;1;9864.93000000;9864.93000000;0.00000000;21;8;171.3600;-135.0700
20200505;5;20.0000;LowOrHighOfLast2Candles;80;1.0000;0.000300;0.500000;0.500000;180;0.001000;7;20;1;9782.82000000;9782.82000000;0.00000000;18;4;254.6400;-217.1800
20200505;5;20.0000;LowOrHighOfLast2Candles;90;1.0000;0.000300;0.500000;0.500000;180;0.001000;7;20;1;9755.91000000;9755.91000000;0.00000000;16;2;244.0900;-244.0900
20200505;5;20.0000;LowOrHighOfLast2Candles;-90;1.0000;0.000300;0.500000;1.000000;180;0.001000;7;20;1;10150.30436000;10150.30436000;0.00000000;18;13;19.2000;150.3044
20200505;5;20.0000;LowOrHighOfLast2Candles;-80;1.0000;0.000300;0.500000;1.000000;180;0.001000;7;20;1;10115.29104000;10115.29104000;0.00000000;19;12;20.1300;115.2910
20200505;5;20.0000;LowOrHighOfLast2Candles;-70;1.0000;0.000300;0.500000;1.000000;180;0.001000;7;20;1;10114.32372000;10114.32372000;0.00000000;19;12;20.0200;114.3237
20200505;5;20.0000;LowOrHighOfLast2Candles;-60;1.0000;0.000300;0.500000;1.000000;180;0.001000;7;20;1;10133.87544000;10133.87544000;0.00000000;26;15;36.9342;133.8754
20200505;5;20.0000;LowOrHighOfLast2Candles;-50;1.0000;0.000300;0.500000;1.000000;180;0.001000;7;20;1;10155.07272000;10155.07272000;0.00000000;27;16;34.7842;155.0727
20200505;5;20.0000;LowOrHighOfLast2Candles;-40;1.0000;0.000300;0.500000;1.000000;180;0.001000;7;20;1;10134.69872000;10134.69872000;0.00000000;29;16;61.5900;134.6987
20200505;5;20.0000;LowOrHighOfLast2Candles;-30;1.0000;0.000300;0.500000;1.000000;180;0.001000;7;20;1;10083.04420000;10083.04420000;0.00000000;30;16;71.3300;83.0442
20200505;5;20.0000;LowOrHighOfLast2Candles;-20;1.0000;0.000300;0.500000;1.000000;180;0.001000;7;20;1;10105.32292000;10105.32292000;0.00000000;31;17;76.8500;105.3229
20200505;5;20.0000;LowOrHighOfLast2Candles;-10;1.0000;0.000300;0.500000;1.000000;180;0.001000;7;20;1;10093.17968000;10093.17968000;0.00000000;36;19;91.0200;93.1797
20200505;5;20.0000;LowOrHighOfLast2Candles;0;1.0000;0.000300;0.500000;1.000000;180;0.001000;7;20;1;9987.59072000;9987.59072000;0.00000000;37;17;145.4400;-12.4093
20200505;5;20.0000;LowOrHighOfLast2Candles;10;1.0000;0.000300;0.500000;1.000000;180;0.001000;7;20;1;9939.03048000;9939.03048000;0.00000000;35;15;164.9021;-60.9695
20200505;5;20.0000;LowOrHighOfLast2Candles;20;1.0000;0.000300;0.500000;1.000000;180;0.001000;7;20;1;9968.89168000;9968.89168000;0.00000000;33;15;134.6500;-31.1083
20200505;5;20.0000;LowOrHighOfLast2Candles;30;1.0000;0.000300;0.500000;1.000000;180;0.001000;7;20;1;10039.01000000;10039.01000000;0.00000000;32;16;132.0700;39.0100
20200505;5;20.0000;LowOrHighOfLast2Candles;40;1.0000;0.000300;0.500000;1.000000;180;0.001000;7;20;1;9952.45000000;9952.45000000;0.00000000;28;12;161.6200;-47.5500
20200505;5;20.0000;LowOrHighOfLast2Candles;50;1.0000;0.000300;0.500000;1.000000;180;0.001000;7;20;1;9823.84000000;9823.84000000;0.00000000;24;7;228.1600;-176.1600
20200505;5;20.0000;LowOrHighOfLast2Candles;60;1.0000;0.000300;0.500000;1.000000;180;0.001000;7;20;1;9828.15000000;9828.15000000;0.00000000;22;6;215.9900;-171.8500
20200505;5;20.0000;LowOrHighOfLast2Candles;70;1.0000;0.000300;0.500000;1.000000;180;0.001000;7;20;1;9899.22000000;9899.22000000;0.00000000;21;7;161.2500;-100.7800
20200505;5;20.0000;LowOrHighOfLast2Candles;80;1.0000;0.000300;0.500000;1.000000;180;0.001000;7;20;1;9821.61000000;9821.61000000;0.00000000;18;4;242.4000;-178.3900
20200505;5;20.0000;LowOrHighOfLast2Candles;90;1.0000;0.000300;0.500000;1.000000;180;0.001000;7;20;1;9775.51000000;9775.51000000;0.00000000;16;2;237.3200;-224.4900
20200505;5;20.0000;LowOrHighOfLast2Candles;-90;1.0000;0.000300;0.500000;1.500000;180;0.001000;7;20;1;10082.20884000;10082.20884000;0.00000000;18;10;62.5731;82.2088
20200505;5;20.0000;LowOrHighOfLast2Candles;-80;1.0000;0.000300;0.500000;1.500000;180;0.001000;7;20;1;10042.16280000;10042.16280000;0.00000000;19;9;61.7291;42.1628
20200505;5;20.0000;LowOrHighOfLast2Candles;-70;1.0000;0.000300;0.500000;1.500000;180;0.001000;7;20;1;10110.72836000;10110.72836000;0.00000000;19;10;38.3104;110.7284
20200505;5;20.0000;LowOrHighOfLast2Candles;-60;1.0000;0.000300;0.500000;1.500000;180;0.001000;7;20;1;10112.39048000;10112.39048000;0.00000000;23;11;64.2664;112.3905
20200505;5;20.0000;LowOrHighOfLast2Candles;-50;1.0000;0.000300;0.500000;1.500000;180;0.001000;7;20;1;10163.09024000;10163.09024000;0.00000000;23;12;34.2300;163.0902
20200505;5;20.0000;LowOrHighOfLast2Candles;-40;1.0000;0.000300;0.500000;1.500000;180;0.001000;7;20;1;10156.26728000;10156.26728000;0.00000000;24;12;42.9500;156.2673
20200505;5;20.0000;LowOrHighOfLast2Candles;-30;1.0000;0.000300;0.500000;1.500000;180;0.001000;7;20;1;10092.27192000;10092.27192000;0.00000000;26;12;57.0283;92.2719
20200505;5;20.0000;LowOrHighOfLast2Candles;-20;1.0000;0.000300;0.500000;1.500000;180;0.001000;7;20;1;10131.09544000;10131.09544000;0.00000000;29;14;79.8700;131.0954
20200505;5;20.0000;LowOrHighOfLast2Candles;-10;1.0000;0.000300;0.500000;1.500000;180;0.001000;7;20;1;10216.18996000;10216.18996000;0.00000000;33;18;62.0400;216.1900
20200505;5;20.0000;LowOrHighOfLast2Candles;0;1.0000;0.000300;0.500000;1.500000;180;0.001000;7;20;1;10012.80104000;10012.80104000;0.00000000;34;13;131.4529;12.8010
20200505;5;20.0000;LowOrHighOfLast2Candles;10;1.0000;0.000300;0.500000;1.500000;180;0.001000;7;20;1;10080.44892000;10080.44892000;0.00000000;32;14;126.4200;80.4489
20200505;5;20.0000;LowOrHighOfLast2Candles;20;1.0000;0.000300;0.500000;1.500000;180;0.001000;7;20;1;10049.55968000;10049.55968000;0.00000000;33;14;135.1183;49.5597
20200505;5;20.0000;LowOrHighOfLast2Candles;30;1.0000;0.000300;0.500000;1.500000;180;0.001000;7;20;1;10040.89616000;10040.89616000;0.00000000;31;13;145.9000;40.8962
20200505;5;20.0000;LowOrHighOfLast2Candles;40;1.0000;0.000300;0.500000;1.500000;180;0.001000;7;20;1;9969.42808000;9969.42808000;0.00000000;27;10;183.1700;-30.5719
20200505;5;20.0000;LowOrHighOfLast2Candles;50;1.0000;0.000300;0.500000;1.500000;180;0.001000;7;20;1;9880.98000000;9880.98000000;0.00000000;24;7;218.6400;-119.0200
20200505;5;20.0000;LowOrHighOfLast2Candles;60;1.0000;0.000300;0.500000;1.500000;180;0.001000;7;20;1;9819.71000000;9819.71000000;0.00000000;22;5;259.3500;-180.2900
20200505;5;20.0000;LowOrHighOfLast2Candles;70;1.0000;0.000300;0.500000;1.500000;180;0.001000;7;20;1;9912.04000000;9912.04000000;0.00000000;21;6;185.0900;-87.9600
20200505;5;20.0000;LowOrHighOfLast2Candles;80;1.0000;0.000300;0.500000;1.500000;180;0.001000;7;20;1;9859.93000000;9859.93000000;0.00000000;18;4;242.4000;-140.0700
20200505;5;20.0000;LowOrHighOfLast2Candles;90;1.0000;0.000300;0.500000;1.500000;180;0.001000;7;20;1;9794.96000000;9794.96000000;0.00000000;16;2;237.3200;-205.0400
20200505;5;20.0000;LowOrHighOfLast2Candles;-90;1.0000;0.000300;0.500000;2.000000;180;0.001000;7;20;1;10069.69400000;10069.69400000;0.00000000;18;9;115.2031;69.6940
20200505;5;20.0000;LowOrHighOfLast2Candles;-80;1.0000;0.000300;0.500000;2.000000;180;0.001000;7;20;1;10041.73272000;10041.73272000;0.00000000;19;8;115.1291;41.7327
20200505;5;20.0000;LowOrHighOfLast2Candles;-70;1.0000;0.000300;0.500000;2.000000;180;0.001000;7;20;1;10040.33012000;10040.33012000;0.00000000;19;8;117.5912;40.3301
20200505;5;20.0000;LowOrHighOfLast2Candles;-60;1.0000;0.000300;0.500000;2.000000;180;0.001000;7;20;1;10058.68496000;10058.68496000;0.00000000;23;9;140.6572;58.6850
20200505;5;20.0000;LowOrHighOfLast2Candles;-50;1.0000;0.000300;0.500000;2.000000;180;0.001000;7;20;1;10122.49744000;10122.49744000;0.00000000;23;10;73.4593;122.4974
20200505;5;20.0000;LowOrHighOfLast2Candles;-40;1.0000;0.000300;0.500000;2.000000;180;0.001000;7;20;1;10134.99544000;10134.99544000;0.00000000;24;10;96.5774;134.9954
20200505;5;20.0000;LowOrHighOfLast2Candles;-30;1.0000;0.000300;0.500000;2.000000;180;0.001000;7;20;1;10149.15696000;10149.15696000;0.00000000;25;11;80.2685;149.1570
20200505;5;20.0000;LowOrHighOfLast2Candles;-20;1.0000;0.000300;0.500000;2.000000;180;0.001000;7;20;1;10133.09860000;10133.09860000;0.00000000;27;11;69.8800;133.0986
20200505;5;20.0000;LowOrHighOfLast2Candles;-10;1.0000;0.000300;0.500000;2.000000;180;0.001000;7;20;1;10134.91916000;10134.91916000;0.00000000;30;13;71.4200;134.9192
20200505;5;20.0000;LowOrHighOfLast2Candles;0;1.0000;0.000300;0.500000;2.000000;180;0.001000;7;20;1;10194.69480000;10194.69480000;0.00000000;32;14;91.2000;194.6948
20200505;5;20.0000;LowOrHighOfLast2Candles;10;1.0000;0.000300;0.500000;2.000000;180;0.001000;7;20;1;10130.40800000;10130.40800000;0.00000000;31;13;111.8770;130.4080
20200505;5;20.0000;LowOrHighOfLast2Candles;20;1.0000;0.000300;0.500000;2.000000;180;0.001000;7;20;1;10157.83108000;10157.83108000;0.00000000;29;13;92.1200;157.8311
20200505;5;20.0000;LowOrHighOfLast2Candles;30;1.0000;0.000300;0.500000;2.000000;180;0.001000;7;20;1;10132.37048000;10132.37048000;0.00000000;29;12;116.5700;132.3705
20200505;5;20.0000;LowOrHighOfLast2Candles;40;1.0000;0.000300;0.500000;2.000000;180;0.001000;7;20;1;9996.77704000;9996.77704000;0.00000000;27;9;163.4000;-3.2230
20200505;5;20.0000;LowOrHighOfLast2Candles;50;1.0000;0.000300;0.500000;2.000000;180;0.001000;7;20;1;9877.98264000;9877.98264000;0.00000000;24;6;215.3174;-122.0174
20200505;5;20.0000;LowOrHighOfLast2Candles;60;1.0000;0.000300;0.500000;2.000000;180;0.001000;7;20;1;9858.81000000;9858.81000000;0.00000000;22;5;259.3500;-141.1900
20200505;5;20.0000;LowOrHighOfLast2Candles;70;1.0000;0.000300;0.500000;2.000000;180;0.001000;7;20;1;9889.63000000;9889.63000000;0.00000000;21;5;240.0900;-110.3700
20200505;5;20.0000;LowOrHighOfLast2Candles;80;1.0000;0.000300;0.500000;2.000000;180;0.001000;7;20;1;9833.20000000;9833.20000000;0.00000000;18;3;242.4000;-166.8000
20200505;5;20.0000;LowOrHighOfLast2Candles;90;1.0000;0.000300;0.500000;2.000000;180;0.001000;7;20;1;9814.76000000;9814.76000000;0.00000000;16;2;237.3200;-185.2400
20200505;5;20.0000;LowOrHighOfLast2Candles;-90;1.0000;0.000300;0.500000;2.500000;180;0.001000;7;20;1;10048.92936000;10048.92936000;0.00000000;17;8;135.0695;48.9294
20200505;5;20.0000;LowOrHighOfLast2Candles;-80;1.0000;0.000300;0.500000;2.500000;180;0.001000;7;20;1;9994.89712000;9994.89712000;0.00000000;18;7;134.2256;-5.1029
20200505;5;20.0000;LowOrHighOfLast2Candles;-70;1.0000;0.000300;0.500000;2.500000;180;0.001000;7;20;1;10050.71636000;10050.71636000;0.00000000;19;8;117.5912;50.7164
20200505;5;20.0000;LowOrHighOfLast2Candles;-60;1.0000;0.000300;0.500000;2.500000;180;0.001000;7;20;1;10030.14848000;10030.14848000;0.00000000;23;8;160.6572;30.1485
20200505;5;20.0000;LowOrHighOfLast2Candles;-50;1.0000;0.000300;0.500000;2.500000;180;0.001000;7;20;1;10055.02280000;10055.02280000;0.00000000;23;8;157.3193;55.0228
20200505;5;20.0000;LowOrHighOfLast2Candles;-40;1.0000;0.000300;0.500000;2.500000;180;0.001000;7;20;1;10116.71264000;10116.71264000;0.00000000;24;9;161.6174;116.7126
20200505;5;20.0000;LowOrHighOfLast2Candles;-30;1.0000;0.000300;0.500000;2.500000;180;0.001000;7;20;1;10075.19688000;10075.19688000;0.00000000;25;9;156.4035;75.1969
20200505;5;20.0000;LowOrHighOfLast2Candles;-20;1.0000;0.000300;0.500000;2.500000;180;0.001000;7;20;1;10074.03948000;10074.03948000;0.00000000;27;9;177.1546;74.0395
20200505;5;20.0000;LowOrHighOfLast2Candles;-10;1.0000;0.000300;0.500000;2.500000;180;0.001000;7;20;1;10160.74916000;10160.74916000;0.00000000;30;12;101.3406;160.7492
20200505;5;20.0000;LowOrHighOfLast2Candles;0;1.0000;0.000300;0.500000;2.500000;180;0.001000;7;20;1;10130.17296000;10130.17296000;0.00000000;32;11;121.4366;130.1730
20200505;5;20.0000;LowOrHighOfLast2Candles;10;1.0000;0.000300;0.500000;2.500000;180;0.001000;7;20;1;10188.45168000;10188.45168000;0.00000000;30;12;80.9700;188.4517
20200505;5;20.0000;LowOrHighOfLast2Candles;20;1.0000;0.000300;0.500000;2.500000;180;0.001000;7;20;1;10281.10924000;10281.10924000;0.00000000;28;13;82.2200;281.1092
20200505;5;20.0000;LowOrHighOfLast2Candles;30;1.0000;0.000300;0.500000;2.500000;180;0.001000;7;20;1;10218.89364000;10218.89364000;0.00000000;28;12;87.9968;218.8936
20200505;5;20.0000;LowOrHighOfLast2Candles;40;1.0000;0.000300;0.500000;2.500000;180;0.001000;7;20;1;10037.68620000;10037.68620000;0.00000000;25;8;144.6889;37.6862
20200505;5;20.0000;LowOrHighOfLast2Candles;50;1.0000;0.000300;0.500000;2.500000;180;0.001000;7;20;1;9925.64264000;9925.64264000;0.00000000;24;6;199.3200;-74.3574
20200505;5;20.0000;LowOrHighOfLast2Candles;60;1.0000;0.000300;0.500000;2.500000;180;0.001000;7;20;1;9897.71080000;9897.71080000;0.00000000;22;5;259.3500;-102.2892
20200505;5;20.0000;LowOrHighOfLast2Candles;70;1.0000;0.000300;0.500000;2.500000;180;0.001000;7;20;1;9928.63000000;9928.63000000;0.00000000;21;5;240.0900;-71.3700
20200505;5;20.0000;LowOrHighOfLast2Candles;80;1.0000;0.000300;0.500000;2.500000;180;0.001000;7;20;1;9862.15000000;9862.15000000;0.00000000;18;3;242.4000;-137.8500
20200505;5;20.0000;LowOrHighOfLast2Candles;90;1.0000;0.000300;0.500000;2.500000;180;0.001000;7;20;1;9834.36000000;9834.36000000;0.00000000;16;2;237.3200;-165.6400
20200505;5;20.0000;LowOrHighOfLast2Candles;-90;1.0000;0.000300;0.500000;3.000000;180;0.001000;7;20;1;10084.18936000;10084.18936000;0.00000000;17;8;135.0695;84.1894
20200505;5;20.0000;LowOrHighOfLast2Candles;-80;1.0000;0.000300;0.500000;3.000000;180;0.001000;7;20;1;10021.81712000;10021.81712000;0.00000000;18;7;134.2256;21.8171
20200505;5;20.0000;LowOrHighOfLast2Candles;-70;1.0000;0.000300;0.500000;3.000000;180;0.001000;7;20;1;10026.64692000;10026.64692000;0.00000000;18;7;137.4637;26.6469
20200505;5;20.0000;LowOrHighOfLast2Candles;-60;1.0000;0.000300;0.500000;3.000000;180;0.001000;7;20;1;10004.27388000;10004.27388000;0.00000000;21;7;161.1458;4.2739
20200505;5;20.0000;LowOrHighOfLast2Candles;-50;1.0000;0.000300;0.500000;3.000000;180;0.001000;7;20;1;10070.86992000;10070.86992000;0.00000000;22;8;138.3193;70.8699
20200505;5;20.0000;LowOrHighOfLast2Candles;-40;1.0000;0.000300;0.500000;3.000000;180;0.001000;7;20;1;10093.06160000;10093.06160000;0.00000000;23;8;161.6174;93.0616
20200505;5;20.0000;LowOrHighOfLast2Candles;-30;1.0000;0.000300;0.500000;3.000000;180;0.001000;7;20;1;10060.56768000;10060.56768000;0.00000000;25;8;174.9935;60.5677
20200505;5;20.0000;LowOrHighOfLast2Candles;-20;1.0000;0.000300;0.500000;3.000000;180;0.001000;7;20;1;10120.39212000;10120.39212000;0.00000000;27;9;177.1546;120.3921
20200505;5;20.0000;LowOrHighOfLast2Candles;-10;1.0000;0.000300;0.500000;3.000000;180;0.001000;7;20;1;10162.64452000;10162.64452000;0.00000000;30;11;177.7806;162.6445
20200505;5;20.0000;LowOrHighOfLast2Candles;0;1.0000;0.000300;0.500000;3.000000;180;0.001000;7;20;1;10136.43384000;10136.43384000;0.00000000;32;10;196.8366;136.4338
20200505;5;20.0000;LowOrHighOfLast2Candles;10;1.0000;0.000300;0.500000;3.000000;180;0.001000;7;20;1;10175.82168000;10175.82168000;0.00000000;30;11;123.4470;175.8217
20200505;5;20.0000;LowOrHighOfLast2Candles;20;1.0000;0.000300;0.500000;3.000000;180;0.001000;7;20;1;10288.30292000;10288.30292000;0.00000000;28;12;78.9800;288.3029
20200505;5;20.0000;LowOrHighOfLast2Candles;30;1.0000;0.000300;0.500000;3.000000;180;0.001000;7;20;1;10258.29276000;10258.29276000;0.00000000;27;11;77.4600;258.2928
20200505;5;20.0000;LowOrHighOfLast2Candles;40;1.0000;0.000300;0.500000;3.000000;180;0.001000;7;20;1;10065.22620000;10065.22620000;0.00000000;25;8;138.9000;65.2262
20200505;5;20.0000;LowOrHighOfLast2Candles;50;1.0000;0.000300;0.500000;3.000000;180;0.001000;7;20;1;9973.52264000;9973.52264000;0.00000000;24;6;189.8000;-26.4774
20200505;5;20.0000;LowOrHighOfLast2Candles;60;1.0000;0.000300;0.500000;3.000000;180;0.001000;7;20;1;9852.18080000;9852.18080000;0.00000000;22;4;259.3500;-147.8192
20200505;5;20.0000;LowOrHighOfLast2Candles;70;1.0000;0.000300;0.500000;3.000000;180;0.001000;7;20;1;9967.55000000;9967.55000000;0.00000000;21;5;240.0900;-32.4500
20200505;5;20.0000;LowOrHighOfLast2Candles;80;1.0000;0.000300;0.500000;3.000000;180;0.001000;7;20;1;9890.97000000;9890.97000000;0.00000000;18;3;242.4000;-109.0300
20200505;5;20.0000;LowOrHighOfLast2Candles;90;1.0000;0.000300;0.500000;3.000000;180;0.001000;7;20;1;9854.16000000;9854.16000000;0.00000000;16;2;237.3200;-145.8400
20200505;5;20.0000;LowOrHighOfLast2Candles;-90;1.0000;0.000300;0.500000;3.500000;180;0.001000;7;20;1;10103.38752000;10103.38752000;0.00000000;18;8;135.0695;103.3875
20200505;5;20.0000;LowOrHighOfLast2Candles;-80;1.0000;0.000300;0.500000;3.500000;180;0.001000;7;20;1;10036.90528000;10036.90528000;0.00000000;18;7;134.2256;36.9053
20200505;5;20.0000;LowOrHighOfLast2Candles;-70;1.0000;0.000300;0.500000;3.500000;180;0.001000;7;20;1;10038.64780000;10038.64780000;0.00000000;18;7;137.4637;38.6478
20200505;5;20.0000;LowOrHighOfLast2Candles;-60;1.0000;0.000300;0.500000;3.500000;180;0.001000;7;20;1;10032.71388000;10032.71388000;0.00000000;21;7;161.1458;32.7139
20200505;5;20.0000;LowOrHighOfLast2Candles;-50;1.0000;0.000300;0.500000;3.500000;180;0.001000;7;20;1;10037.44724000;10037.44724000;0.00000000;21;7;157.8978;37.4472
20200505;5;20.0000;LowOrHighOfLast2Candles;-40;1.0000;0.000300;0.500000;3.500000;180;0.001000;7;20;1;10039.57764000;10039.57764000;0.00000000;22;7;181.5820;39.5776
20200505;5;20.0000;LowOrHighOfLast2Candles;-30;1.0000;0.000300;0.500000;3.500000;180;0.001000;7;20;1;10074.24296000;10074.24296000;0.00000000;24;8;156.4035;74.2430
20200505;5;20.0000;LowOrHighOfLast2Candles;-20;1.0000;0.000300;0.500000;3.500000;180;0.001000;7;20;1;10089.04652000;10089.04652000;0.00000000;25;8;177.1546;89.0465
20200505;5;20.0000;LowOrHighOfLast2Candles;-10;1.0000;0.000300;0.500000;3.500000;180;0.001000;7;20;1;10120.02076000;10120.02076000;0.00000000;30;10;197.0206;120.0208
20200505;5;20.0000;LowOrHighOfLast2Candles;0;1.0000;0.000300;0.500000;3.500000;180;0.001000;7;20;1;10171.66104000;10171.66104000;0.00000000;32;10;196.8366;171.6610
20200505;5;20.0000;LowOrHighOfLast2Candles;10;1.0000;0.000300;0.500000;3.500000;180;0.001000;7;20;1;10157.57528000;10157.57528000;0.00000000;30;10;199.9370;157.5753
20200505;5;20.0000;LowOrHighOfLast2Candles;20;1.0000;0.000300;0.500000;3.500000;180;0.001000;7;20;1;10183.10292000;10183.10292000;0.00000000;28;10;200.0048;183.1029
20200505;5;20.0000;LowOrHighOfLast2Candles;30;1.0000;0.000300;0.500000;3.500000;180;0.001000;7;20;1;10248.31276000;10248.31276000;0.00000000;27;10;103.8568;248.3128
20200505;5;20.0000;LowOrHighOfLast2Candles;40;1.0000;0.000300;0.500000;3.500000;180;0.001000;7;20;1;10057.85532000;10057.85532000;0.00000000;24;7;138.9000;57.8553
20200505;5;20.0000;LowOrHighOfLast2Candles;50;1.0000;0.000300;0.500000;3.500000;180;0.001000;7;20;1;9977.64264000;9977.64264000;0.00000000;24;6;180.2800;-22.3574
20200505;5;20.0000;LowOrHighOfLast2Candles;60;1.0000;0.000300;0.500000;3.500000;180;0.001000;7;20;1;9881.29080000;9881.29080000;0.00000000;22;4;259.3500;-118.7092
20200505;5;20.0000;LowOrHighOfLast2Candles;70;1.0000;0.000300;0.500000;3.500000;180;0.001000;7;20;1;9914.43896000;9914.43896000;0.00000000;21;4;240.0900;-85.5610
20200505;5;20.0000;LowOrHighOfLast2Candles;80;1.0000;0.000300;0.500000;3.500000;180;0.001000;7;20;1;9919.92000000;9919.92000000;0.00000000;18;3;242.4000;-80.0800
20200505;5;20.0000;LowOrHighOfLast2Candles;90;1.0000;0.000300;0.500000;3.500000;180;0.001000;7;20;1;9873.76000000;9873.76000000;0.00000000;16;2;237.3200;-126.2400
20200505;5;20.0000;LowOrHighOfLast2Candles;-90;1.0000;0.000300;0.500000;4.000000;180;0.001000;7;20;1;10154.61936000;10154.61936000;0.00000000;17;8;135.0695;154.6194
20200505;5;20.0000;LowOrHighOfLast2Candles;-80;1.0000;0.000300;0.500000;4.000000;180;0.001000;7;20;1;10063.92528000;10063.92528000;0.00000000;18;7;134.2256;63.9253
20200505;5;20.0000;LowOrHighOfLast2Candles;-70;1.0000;0.000300;0.500000;4.000000;180;0.001000;7;20;1;10066.60780000;10066.60780000;0.00000000;18;7;137.4637;66.6078
20200505;5;20.0000;LowOrHighOfLast2Candles;-60;1.0000;0.000300;0.500000;4.000000;180;0.001000;7;20;1;10045.10476000;10045.10476000;0.00000000;21;7;161.1458;45.1048
20200505;5;20.0000;LowOrHighOfLast2Candles;-50;1.0000;0.000300;0.500000;4.000000;180;0.001000;7;20;1;10048.34812000;10048.34812000;0.00000000;21;7;157.8978;48.3481
20200505;5;20.0000;LowOrHighOfLast2Candles;-40;1.0000;0.000300;0.500000;4.000000;180;0.001000;7;20;1;10068.52764000;10068.52764000;0.00000000;22;7;181.5820;68.5276
20200505;5;20.0000;LowOrHighOfLast2Candles;-30;1.0000;0.000300;0.500000;4.000000;180;0.001000;7;20;1;10029.69216000;10029.69216000;0.00000000;23;7;176.5941;29.6922
20200505;5;20.0000;LowOrHighOfLast2Candles;-20;1.0000;0.000300;0.500000;4.000000;180;0.001000;7;20;1;10020.18884000;10020.18884000;0.00000000;24;7;197.4112;20.1888
20200505;5;20.0000;LowOrHighOfLast2Candles;-10;1.0000;0.000300;0.500000;4.000000;180;0.001000;7;20;1;10177.30892000;10177.30892000;0.00000000;27;10;177.7806;177.3089
20200505;5;20.0000;LowOrHighOfLast2Candles;0;1.0000;0.000300;0.500000;4.000000;180;0.001000;7;20;1;10139.50272000;10139.50272000;0.00000000;32;9;216.0166;139.5027
20200505;5;20.0000;LowOrHighOfLast2Candles;10;1.0000;0.000300;0.500000;4.000000;180;0.001000;7;20;1;10221.36880000;10221.36880000;0.00000000;30;10;197.1027;221.3688
20200505;5;20.0000;LowOrHighOfLast2Candles;20;1.0000;0.000300;0.500000;4.000000;180;0.001000;7;20;1;10248.52556000;10248.52556000;0.00000000;28;10;200.0048;248.5256
20200505;5;20.0000;LowOrHighOfLast2Candles;30;1.0000;0.000300;0.500000;4.000000;180;0.001000;7;20;1;10216.07276000;10216.07276000;0.00000000;27;9;198.0268;216.0728
20200505;5;20.0000;LowOrHighOfLast2Candles;40;1.0000;0.000300;0.500000;4.000000;180;0.001000;7;20;1;10002.27532000;10002.27532000;0.00000000;24;6;178.9489;2.2753
20200505;5;20.0000;LowOrHighOfLast2Candles;50;1.0000;0.000300;0.500000;4.000000;180;0.001000;7;20;1;9927.91624000;9927.91624000;0.00000000;23;5;178.9700;-72.0838
20200505;5;20.0000;LowOrHighOfLast2Candles;60;1.0000;0.000300;0.500000;4.000000;180;0.001000;7;20;1;9910.34080000;9910.34080000;0.00000000;22;4;259.3500;-89.6592
20200505;5;20.0000;LowOrHighOfLast2Candles;70;1.0000;0.000300;0.500000;4.000000;180;0.001000;7;20;1;9943.30896000;9943.30896000;0.00000000;21;4;240.0900;-56.6910
20200505;5;20.0000;LowOrHighOfLast2Candles;80;1.0000;0.000300;0.500000;4.000000;180;0.001000;7;20;1;9948.87000000;9948.87000000;0.00000000;18;3;242.4000;-51.1300
20200505;5;20.0000;LowOrHighOfLast2Candles;90;1.0000;0.000300;0.500000;4.000000;180;0.001000;7;20;1;9893.56000000;9893.56000000;0.00000000;16;2;237.3200;-106.4400
